"reference_date","horizon","target","target_end_date","location","output_type","output_type_id","value"
2024-04-20,-1,"wk inc flu hosp",2024-04-13,"01","quantile",0.01,6.25811179843805
2024-04-20,0,"wk inc flu hosp",2024-04-20,"01","quantile",0.01,6.20977487532762
2024-04-20,1,"wk inc flu hosp",2024-04-27,"01","quantile",0.01,4.69933044384994
2024-04-20,2,"wk inc flu hosp",2024-05-04,"01","quantile",0.01,4.17066953763616
2024-04-20,3,"wk inc flu hosp",2024-05-11,"01","quantile",0.01,3.85395584822965
2024-04-20,-1,"wk inc flu hosp",2024-04-13,"01","quantile",0.025,7.64073840711588
2024-04-20,0,"wk inc flu hosp",2024-04-20,"01","quantile",0.025,7.59711482782923
2024-04-20,1,"wk inc flu hosp",2024-04-27,"01","quantile",0.025,6.23155127457747
2024-04-20,2,"wk inc flu hosp",2024-05-04,"01","quantile",0.025,5.63592006532255
2024-04-20,3,"wk inc flu hosp",2024-05-11,"01","quantile",0.025,5.33803116871052
2024-04-20,-1,"wk inc flu hosp",2024-04-13,"01","quantile",0.05,9.11180413664189
2024-04-20,0,"wk inc flu hosp",2024-04-20,"01","quantile",0.05,9.03830315443594
2024-04-20,1,"wk inc flu hosp",2024-04-27,"01","quantile",0.05,7.73412365311419
2024-04-20,2,"wk inc flu hosp",2024-05-04,"01","quantile",0.05,7.17318352037261
2024-04-20,3,"wk inc flu hosp",2024-05-11,"01","quantile",0.05,6.89317553868724
2024-04-20,-1,"wk inc flu hosp",2024-04-13,"01","quantile",0.1,11.0373796938224
2024-04-20,0,"wk inc flu hosp",2024-04-20,"01","quantile",0.1,11.0125375583048
2024-04-20,1,"wk inc flu hosp",2024-04-27,"01","quantile",0.1,9.95015037692985
2024-04-20,2,"wk inc flu hosp",2024-05-04,"01","quantile",0.1,9.46458171810348
2024-04-20,3,"wk inc flu hosp",2024-05-11,"01","quantile",0.1,9.21319300729563
2024-04-20,-1,"wk inc flu hosp",2024-04-13,"01","quantile",0.15,12.538756386135
2024-04-20,0,"wk inc flu hosp",2024-04-20,"01","quantile",0.15,12.5891176481475
2024-04-20,1,"wk inc flu hosp",2024-04-27,"01","quantile",0.15,11.7723308368845
2024-04-20,2,"wk inc flu hosp",2024-05-04,"01","quantile",0.15,11.4224115161877
2024-04-20,3,"wk inc flu hosp",2024-05-11,"01","quantile",0.15,11.3260169747635
2024-04-20,-1,"wk inc flu hosp",2024-04-13,"01","quantile",0.2,13.8818095708243
2024-04-20,0,"wk inc flu hosp",2024-04-20,"01","quantile",0.2,13.9376178326152
2024-04-20,1,"wk inc flu hosp",2024-04-27,"01","quantile",0.2,13.368623330536
2024-04-20,2,"wk inc flu hosp",2024-05-04,"01","quantile",0.2,13.2454572662195
2024-04-20,3,"wk inc flu hosp",2024-05-11,"01","quantile",0.2,13.303791555571
2024-04-20,-1,"wk inc flu hosp",2024-04-13,"01","quantile",0.25,15.1354946710629
2024-04-20,0,"wk inc flu hosp",2024-04-20,"01","quantile",0.25,15.1829096120047
2024-04-20,1,"wk inc flu hosp",2024-04-27,"01","quantile",0.25,14.9421158602687
2024-04-20,2,"wk inc flu hosp",2024-05-04,"01","quantile",0.25,15.0916271676522
2024-04-20,3,"wk inc flu hosp",2024-05-11,"01","quantile",0.25,15.3194166118843
2024-04-20,-1,"wk inc flu hosp",2024-04-13,"01","quantile",0.3,16.36335698693
2024-04-20,0,"wk inc flu hosp",2024-04-20,"01","quantile",0.3,16.4395758530513
2024-04-20,1,"wk inc flu hosp",2024-04-27,"01","quantile",0.3,16.5819818729872
2024-04-20,2,"wk inc flu hosp",2024-05-04,"01","quantile",0.3,16.9197880781286
2024-04-20,3,"wk inc flu hosp",2024-05-11,"01","quantile",0.3,17.3220503887874
2024-04-20,-1,"wk inc flu hosp",2024-04-13,"01","quantile",0.35,17.5376768113352
2024-04-20,0,"wk inc flu hosp",2024-04-20,"01","quantile",0.35,17.661099311403
2024-04-20,1,"wk inc flu hosp",2024-04-27,"01","quantile",0.35,18.23892004523
2024-04-20,2,"wk inc flu hosp",2024-05-04,"01","quantile",0.35,18.8206141819958
2024-04-20,3,"wk inc flu hosp",2024-05-11,"01","quantile",0.35,19.4496505560662
2024-04-20,-1,"wk inc flu hosp",2024-04-13,"01","quantile",0.4,18.7530138063438
2024-04-20,0,"wk inc flu hosp",2024-04-20,"01","quantile",0.4,18.8705137857475
2024-04-20,1,"wk inc flu hosp",2024-04-27,"01","quantile",0.4,19.9449288206188
2024-04-20,2,"wk inc flu hosp",2024-05-04,"01","quantile",0.4,20.8246244065687
2024-04-20,3,"wk inc flu hosp",2024-05-11,"01","quantile",0.4,21.7334173315757
2024-04-20,-1,"wk inc flu hosp",2024-04-13,"01","quantile",0.45,20.0339159961069
2024-04-20,0,"wk inc flu hosp",2024-04-20,"01","quantile",0.45,20.1343095272298
2024-04-20,1,"wk inc flu hosp",2024-04-27,"01","quantile",0.45,21.7265600305944
2024-04-20,2,"wk inc flu hosp",2024-05-04,"01","quantile",0.45,22.9076191104268
2024-04-20,3,"wk inc flu hosp",2024-05-11,"01","quantile",0.45,24.1882732524591
2024-04-20,-1,"wk inc flu hosp",2024-04-13,"01","quantile",0.5,21.3336540341434
2024-04-20,0,"wk inc flu hosp",2024-04-20,"01","quantile",0.5,21.4813358588326
2024-04-20,1,"wk inc flu hosp",2024-04-27,"01","quantile",0.5,23.5960443959654
2024-04-20,2,"wk inc flu hosp",2024-05-04,"01","quantile",0.5,25.2186556574474
2024-04-20,3,"wk inc flu hosp",2024-05-11,"01","quantile",0.5,26.8018147030444
2024-04-20,-1,"wk inc flu hosp",2024-04-13,"01","quantile",0.55,22.7177245424054
2024-04-20,0,"wk inc flu hosp",2024-04-20,"01","quantile",0.55,22.8931206716013
2024-04-20,1,"wk inc flu hosp",2024-04-27,"01","quantile",0.55,25.759298588048
2024-04-20,2,"wk inc flu hosp",2024-05-04,"01","quantile",0.55,27.7822143370389
2024-04-20,3,"wk inc flu hosp",2024-05-11,"01","quantile",0.55,29.8359409701425
2024-04-20,-1,"wk inc flu hosp",2024-04-13,"01","quantile",0.6,24.2063054257337
2024-04-20,0,"wk inc flu hosp",2024-04-20,"01","quantile",0.6,24.457874471872
2024-04-20,1,"wk inc flu hosp",2024-04-27,"01","quantile",0.6,27.9728274773815
2024-04-20,2,"wk inc flu hosp",2024-05-04,"01","quantile",0.6,30.7428232436364
2024-04-20,3,"wk inc flu hosp",2024-05-11,"01","quantile",0.6,33.1246079331034
2024-04-20,-1,"wk inc flu hosp",2024-04-13,"01","quantile",0.65,25.8391422020932
2024-04-20,0,"wk inc flu hosp",2024-04-20,"01","quantile",0.65,26.1596000338004
2024-04-20,1,"wk inc flu hosp",2024-04-27,"01","quantile",0.65,30.6080043557716
2024-04-20,2,"wk inc flu hosp",2024-05-04,"01","quantile",0.65,34.0777938122881
2024-04-20,3,"wk inc flu hosp",2024-05-11,"01","quantile",0.65,36.9925935945037
2024-04-20,-1,"wk inc flu hosp",2024-04-13,"01","quantile",0.7,27.7478375252193
2024-04-20,0,"wk inc flu hosp",2024-04-20,"01","quantile",0.7,28.0723563581918
2024-04-20,1,"wk inc flu hosp",2024-04-27,"01","quantile",0.7,33.4975663750599
2024-04-20,2,"wk inc flu hosp",2024-05-04,"01","quantile",0.7,37.9454858741801
2024-04-20,3,"wk inc flu hosp",2024-05-11,"01","quantile",0.7,41.7366351581533
2024-04-20,-1,"wk inc flu hosp",2024-04-13,"01","quantile",0.75,29.7695001321277
2024-04-20,0,"wk inc flu hosp",2024-04-20,"01","quantile",0.75,30.2323933357429
2024-04-20,1,"wk inc flu hosp",2024-04-27,"01","quantile",0.75,36.9615873066105
2024-04-20,2,"wk inc flu hosp",2024-05-04,"01","quantile",0.75,42.6920829606716
2024-04-20,3,"wk inc flu hosp",2024-05-11,"01","quantile",0.75,47.3946165351815
2024-04-20,-1,"wk inc flu hosp",2024-04-13,"01","quantile",0.8,32.4300185841619
2024-04-20,0,"wk inc flu hosp",2024-04-20,"01","quantile",0.8,32.7913277085615
2024-04-20,1,"wk inc flu hosp",2024-04-27,"01","quantile",0.8,41.2828506844087
2024-04-20,2,"wk inc flu hosp",2024-05-04,"01","quantile",0.8,48.797743229846
2024-04-20,3,"wk inc flu hosp",2024-05-11,"01","quantile",0.8,54.8362794487726
2024-04-20,-1,"wk inc flu hosp",2024-04-13,"01","quantile",0.85,35.801066888085
2024-04-20,0,"wk inc flu hosp",2024-04-20,"01","quantile",0.85,36.0669265209724
2024-04-20,1,"wk inc flu hosp",2024-04-27,"01","quantile",0.85,47.2289892612658
2024-04-20,2,"wk inc flu hosp",2024-05-04,"01","quantile",0.85,56.8520298074483
2024-04-20,3,"wk inc flu hosp",2024-05-11,"01","quantile",0.85,64.8657322516755
2024-04-20,-1,"wk inc flu hosp",2024-04-13,"01","quantile",0.9,40.4794622129993
2024-04-20,0,"wk inc flu hosp",2024-04-20,"01","quantile",0.9,40.7479124425378
2024-04-20,1,"wk inc flu hosp",2024-04-27,"01","quantile",0.9,55.5597069084801
2024-04-20,2,"wk inc flu hosp",2024-05-04,"01","quantile",0.9,69.0398338471357
2024-04-20,3,"wk inc flu hosp",2024-05-11,"01","quantile",0.9,80.2457863218946
2024-04-20,-1,"wk inc flu hosp",2024-04-13,"01","quantile",0.95,48.4428838358823
2024-04-20,0,"wk inc flu hosp",2024-04-20,"01","quantile",0.95,48.7737030177015
2024-04-20,1,"wk inc flu hosp",2024-04-27,"01","quantile",0.95,71.1418568192806
2024-04-20,2,"wk inc flu hosp",2024-05-04,"01","quantile",0.95,92.0481778910469
2024-04-20,3,"wk inc flu hosp",2024-05-11,"01","quantile",0.95,112.087406140553
2024-04-20,-1,"wk inc flu hosp",2024-04-13,"01","quantile",0.975,56.4020338859984
2024-04-20,0,"wk inc flu hosp",2024-04-20,"01","quantile",0.975,57.3635364285652
2024-04-20,1,"wk inc flu hosp",2024-04-27,"01","quantile",0.975,87.5799384505665
2024-04-20,2,"wk inc flu hosp",2024-05-04,"01","quantile",0.975,117.849815454446
2024-04-20,3,"wk inc flu hosp",2024-05-11,"01","quantile",0.975,147.958673813497
2024-04-20,-1,"wk inc flu hosp",2024-04-13,"01","quantile",0.99,67.6299969208082
2024-04-20,0,"wk inc flu hosp",2024-04-20,"01","quantile",0.99,68.8035855448346
2024-04-20,1,"wk inc flu hosp",2024-04-27,"01","quantile",0.99,111.351965898527
2024-04-20,2,"wk inc flu hosp",2024-05-04,"01","quantile",0.99,157.157278139203
2024-04-20,3,"wk inc flu hosp",2024-05-11,"01","quantile",0.99,209.422182581415
2024-04-20,-1,"wk inc flu hosp",2024-04-13,"02","quantile",0.01,0.0193695112010575
2024-04-20,0,"wk inc flu hosp",2024-04-20,"02","quantile",0.01,0.00865439929530143
2024-04-20,1,"wk inc flu hosp",2024-04-27,"02","quantile",0.01,0
2024-04-20,2,"wk inc flu hosp",2024-05-04,"02","quantile",0.01,0
2024-04-20,3,"wk inc flu hosp",2024-05-11,"02","quantile",0.01,0
2024-04-20,-1,"wk inc flu hosp",2024-04-13,"02","quantile",0.025,0.337311544064852
2024-04-20,0,"wk inc flu hosp",2024-04-20,"02","quantile",0.025,0.30461371667763
2024-04-20,1,"wk inc flu hosp",2024-04-27,"02","quantile",0.025,0
2024-04-20,2,"wk inc flu hosp",2024-05-04,"02","quantile",0.025,0
2024-04-20,3,"wk inc flu hosp",2024-05-11,"02","quantile",0.025,0
2024-04-20,-1,"wk inc flu hosp",2024-04-13,"02","quantile",0.05,0.703258449667401
2024-04-20,0,"wk inc flu hosp",2024-04-20,"02","quantile",0.05,0.651420827544146
2024-04-20,1,"wk inc flu hosp",2024-04-27,"02","quantile",0.05,0.296354275025845
2024-04-20,2,"wk inc flu hosp",2024-05-04,"02","quantile",0.05,0.153429768129155
2024-04-20,3,"wk inc flu hosp",2024-05-11,"02","quantile",0.05,0.0748367822590896
2024-04-20,-1,"wk inc flu hosp",2024-04-13,"02","quantile",0.1,1.21099597234591
2024-04-20,0,"wk inc flu hosp",2024-04-20,"02","quantile",0.1,1.16874881953334
2024-04-20,1,"wk inc flu hosp",2024-04-27,"02","quantile",0.1,0.803420741880626
2024-04-20,2,"wk inc flu hosp",2024-05-04,"02","quantile",0.1,0.65227951495066
2024-04-20,3,"wk inc flu hosp",2024-05-11,"02","quantile",0.1,0.557383945537046
2024-04-20,-1,"wk inc flu hosp",2024-04-13,"02","quantile",0.15,1.66535502601818
2024-04-20,0,"wk inc flu hosp",2024-04-20,"02","quantile",0.15,1.60489092807413
2024-04-20,1,"wk inc flu hosp",2024-04-27,"02","quantile",0.15,1.27006389159565
2024-04-20,2,"wk inc flu hosp",2024-05-04,"02","quantile",0.15,1.1089569390527
2024-04-20,3,"wk inc flu hosp",2024-05-11,"02","quantile",0.15,1.02148109646396
2024-04-20,-1,"wk inc flu hosp",2024-04-13,"02","quantile",0.2,2.06651924713129
2024-04-20,0,"wk inc flu hosp",2024-04-20,"02","quantile",0.2,2.00979256020294
2024-04-20,1,"wk inc flu hosp",2024-04-27,"02","quantile",0.2,1.73715867575062
2024-04-20,2,"wk inc flu hosp",2024-05-04,"02","quantile",0.2,1.57073361470404
2024-04-20,3,"wk inc flu hosp",2024-05-11,"02","quantile",0.2,1.46642414240881
2024-04-20,-1,"wk inc flu hosp",2024-04-13,"02","quantile",0.25,2.48369032734803
2024-04-20,0,"wk inc flu hosp",2024-04-20,"02","quantile",0.25,2.39725529207422
2024-04-20,1,"wk inc flu hosp",2024-04-27,"02","quantile",0.25,2.1771681814879
2024-04-20,2,"wk inc flu hosp",2024-05-04,"02","quantile",0.25,2.04767900956039
2024-04-20,3,"wk inc flu hosp",2024-05-11,"02","quantile",0.25,1.93647685526905
2024-04-20,-1,"wk inc flu hosp",2024-04-13,"02","quantile",0.3,2.89598479293964
2024-04-20,0,"wk inc flu hosp",2024-04-20,"02","quantile",0.3,2.78796974628455
2024-04-20,1,"wk inc flu hosp",2024-04-27,"02","quantile",0.3,2.63639323079016
2024-04-20,2,"wk inc flu hosp",2024-05-04,"02","quantile",0.3,2.54620083895459
2024-04-20,3,"wk inc flu hosp",2024-05-11,"02","quantile",0.3,2.44009400173884
2024-04-20,-1,"wk inc flu hosp",2024-04-13,"02","quantile",0.35,3.31693595966876
2024-04-20,0,"wk inc flu hosp",2024-04-20,"02","quantile",0.35,3.19833067211836
2024-04-20,1,"wk inc flu hosp",2024-04-27,"02","quantile",0.35,3.12766352766016
2024-04-20,2,"wk inc flu hosp",2024-05-04,"02","quantile",0.35,3.08057471288783
2024-04-20,3,"wk inc flu hosp",2024-05-11,"02","quantile",0.35,2.9929307749408
2024-04-20,-1,"wk inc flu hosp",2024-04-13,"02","quantile",0.4,3.76200371254415
2024-04-20,0,"wk inc flu hosp",2024-04-20,"02","quantile",0.4,3.62260658808669
2024-04-20,1,"wk inc flu hosp",2024-04-27,"02","quantile",0.4,3.66564537577317
2024-04-20,2,"wk inc flu hosp",2024-05-04,"02","quantile",0.4,3.63811593423151
2024-04-20,3,"wk inc flu hosp",2024-05-11,"02","quantile",0.4,3.59645684147351
2024-04-20,-1,"wk inc flu hosp",2024-04-13,"02","quantile",0.45,4.2480240967054
2024-04-20,0,"wk inc flu hosp",2024-04-20,"02","quantile",0.45,4.06632457599774
2024-04-20,1,"wk inc flu hosp",2024-04-27,"02","quantile",0.45,4.24274510717057
2024-04-20,2,"wk inc flu hosp",2024-05-04,"02","quantile",0.45,4.28401715459983
2024-04-20,3,"wk inc flu hosp",2024-05-11,"02","quantile",0.45,4.25270358826488
2024-04-20,-1,"wk inc flu hosp",2024-04-13,"02","quantile",0.5,4.75598024078882
2024-04-20,0,"wk inc flu hosp",2024-04-20,"02","quantile",0.5,4.56361689336084
2024-04-20,1,"wk inc flu hosp",2024-04-27,"02","quantile",0.5,4.89282792791684
2024-04-20,2,"wk inc flu hosp",2024-05-04,"02","quantile",0.5,5.01097751208196
2024-04-20,3,"wk inc flu hosp",2024-05-11,"02","quantile",0.5,5.00466494154235
2024-04-20,-1,"wk inc flu hosp",2024-04-13,"02","quantile",0.55,5.31256073412308
2024-04-20,0,"wk inc flu hosp",2024-04-20,"02","quantile",0.55,5.08789803597344
2024-04-20,1,"wk inc flu hosp",2024-04-27,"02","quantile",0.55,5.64319438276962
2024-04-20,2,"wk inc flu hosp",2024-05-04,"02","quantile",0.55,5.81273776139692
2024-04-20,3,"wk inc flu hosp",2024-05-11,"02","quantile",0.55,5.88202845233964
2024-04-20,-1,"wk inc flu hosp",2024-04-13,"02","quantile",0.6,5.92208724732077
2024-04-20,0,"wk inc flu hosp",2024-04-20,"02","quantile",0.6,5.70520568375331
2024-04-20,1,"wk inc flu hosp",2024-04-27,"02","quantile",0.6,6.49421140831598
2024-04-20,2,"wk inc flu hosp",2024-05-04,"02","quantile",0.6,6.77098447652499
2024-04-20,3,"wk inc flu hosp",2024-05-11,"02","quantile",0.6,6.92101406552771
2024-04-20,-1,"wk inc flu hosp",2024-04-13,"02","quantile",0.65,6.63400059174589
2024-04-20,0,"wk inc flu hosp",2024-04-20,"02","quantile",0.65,6.36932117192278
2024-04-20,1,"wk inc flu hosp",2024-04-27,"02","quantile",0.65,7.49091356948842
2024-04-20,2,"wk inc flu hosp",2024-05-04,"02","quantile",0.65,7.93361206817828
2024-04-20,3,"wk inc flu hosp",2024-05-11,"02","quantile",0.65,8.19466383884329
2024-04-20,-1,"wk inc flu hosp",2024-04-13,"02","quantile",0.7,7.45502445729703
2024-04-20,0,"wk inc flu hosp",2024-04-20,"02","quantile",0.7,7.18513600798193
2024-04-20,1,"wk inc flu hosp",2024-04-27,"02","quantile",0.7,8.69343180039999
2024-04-20,2,"wk inc flu hosp",2024-05-04,"02","quantile",0.7,9.30771412544573
2024-04-20,3,"wk inc flu hosp",2024-05-11,"02","quantile",0.7,9.76496035239871
2024-04-20,-1,"wk inc flu hosp",2024-04-13,"02","quantile",0.75,8.39609791367819
2024-04-20,0,"wk inc flu hosp",2024-04-20,"02","quantile",0.75,8.11773980880568
2024-04-20,1,"wk inc flu hosp",2024-04-27,"02","quantile",0.75,10.1656748206574
2024-04-20,2,"wk inc flu hosp",2024-05-04,"02","quantile",0.75,11.0667991084494
2024-04-20,3,"wk inc flu hosp",2024-05-11,"02","quantile",0.75,11.7159361171017
2024-04-20,-1,"wk inc flu hosp",2024-04-13,"02","quantile",0.8,9.63589892141547
2024-04-20,0,"wk inc flu hosp",2024-04-20,"02","quantile",0.8,9.33645052177653
2024-04-20,1,"wk inc flu hosp",2024-04-27,"02","quantile",0.8,11.9917622247511
2024-04-20,2,"wk inc flu hosp",2024-05-04,"02","quantile",0.8,13.4961497306572
2024-04-20,3,"wk inc flu hosp",2024-05-11,"02","quantile",0.8,14.3371966926795
2024-04-20,-1,"wk inc flu hosp",2024-04-13,"02","quantile",0.85,11.3476461027315
2024-04-20,0,"wk inc flu hosp",2024-04-20,"02","quantile",0.85,10.9323947547367
2024-04-20,1,"wk inc flu hosp",2024-04-27,"02","quantile",0.85,14.6707771041965
2024-04-20,2,"wk inc flu hosp",2024-05-04,"02","quantile",0.85,16.8743911070509
2024-04-20,3,"wk inc flu hosp",2024-05-11,"02","quantile",0.85,18.2147748868659
2024-04-20,-1,"wk inc flu hosp",2024-04-13,"02","quantile",0.9,13.7712121844983
2024-04-20,0,"wk inc flu hosp",2024-04-20,"02","quantile",0.9,13.3947892080754
2024-04-20,1,"wk inc flu hosp",2024-04-27,"02","quantile",0.9,18.7674801559877
2024-04-20,2,"wk inc flu hosp",2024-05-04,"02","quantile",0.9,22.5066742610346
2024-04-20,3,"wk inc flu hosp",2024-05-11,"02","quantile",0.9,24.7032610038624
2024-04-20,-1,"wk inc flu hosp",2024-04-13,"02","quantile",0.95,18.3856460013375
2024-04-20,0,"wk inc flu hosp",2024-04-20,"02","quantile",0.95,17.895126574233
2024-04-20,1,"wk inc flu hosp",2024-04-27,"02","quantile",0.95,27.5667692633604
2024-04-20,2,"wk inc flu hosp",2024-05-04,"02","quantile",0.95,34.3638677281007
2024-04-20,3,"wk inc flu hosp",2024-05-11,"02","quantile",0.95,39.1648305438381
2024-04-20,-1,"wk inc flu hosp",2024-04-13,"02","quantile",0.975,23.7647609497676
2024-04-20,0,"wk inc flu hosp",2024-04-20,"02","quantile",0.975,22.9729436629847
2024-04-20,1,"wk inc flu hosp",2024-04-27,"02","quantile",0.975,37.6767306897608
2024-04-20,2,"wk inc flu hosp",2024-05-04,"02","quantile",0.975,49.0882804447697
2024-04-20,3,"wk inc flu hosp",2024-05-11,"02","quantile",0.975,58.630560543391
2024-04-20,-1,"wk inc flu hosp",2024-04-13,"02","quantile",0.99,31.6285903532637
2024-04-20,0,"wk inc flu hosp",2024-04-20,"02","quantile",0.99,30.4837881050294
2024-04-20,1,"wk inc flu hosp",2024-04-27,"02","quantile",0.99,55.4795324353532
2024-04-20,2,"wk inc flu hosp",2024-05-04,"02","quantile",0.99,76.9377504722033
2024-04-20,3,"wk inc flu hosp",2024-05-11,"02","quantile",0.99,95.239202898626
2024-04-20,-1,"wk inc flu hosp",2024-04-13,"04","quantile",0.01,28.7482017265038
2024-04-20,0,"wk inc flu hosp",2024-04-20,"04","quantile",0.01,28.0458766849344
2024-04-20,1,"wk inc flu hosp",2024-04-27,"04","quantile",0.01,17.7590156185708
2024-04-20,2,"wk inc flu hosp",2024-05-04,"04","quantile",0.01,13.0072282461111
2024-04-20,3,"wk inc flu hosp",2024-05-11,"04","quantile",0.01,10.495520849424
2024-04-20,-1,"wk inc flu hosp",2024-04-13,"04","quantile",0.025,33.8689735591625
2024-04-20,0,"wk inc flu hosp",2024-04-20,"04","quantile",0.025,33.5244559746996
2024-04-20,1,"wk inc flu hosp",2024-04-27,"04","quantile",0.025,22.5373532508762
2024-04-20,2,"wk inc flu hosp",2024-05-04,"04","quantile",0.025,17.047049022399
2024-04-20,3,"wk inc flu hosp",2024-05-11,"04","quantile",0.025,14.1385034847062
2024-04-20,-1,"wk inc flu hosp",2024-04-13,"04","quantile",0.05,39.0233496567835
2024-04-20,0,"wk inc flu hosp",2024-04-20,"04","quantile",0.05,38.733514969522
2024-04-20,1,"wk inc flu hosp",2024-04-27,"04","quantile",0.05,27.6036385960169
2024-04-20,2,"wk inc flu hosp",2024-05-04,"04","quantile",0.05,21.6851403937743
2024-04-20,3,"wk inc flu hosp",2024-05-11,"04","quantile",0.05,18.2319359686224
2024-04-20,-1,"wk inc flu hosp",2024-04-13,"04","quantile",0.1,46.2031542964425
2024-04-20,0,"wk inc flu hosp",2024-04-20,"04","quantile",0.1,45.9216140363591
2024-04-20,1,"wk inc flu hosp",2024-04-27,"04","quantile",0.1,34.9695250588063
2024-04-20,2,"wk inc flu hosp",2024-05-04,"04","quantile",0.1,28.472777335086
2024-04-20,3,"wk inc flu hosp",2024-05-11,"04","quantile",0.1,24.6098403878232
2024-04-20,-1,"wk inc flu hosp",2024-04-13,"04","quantile",0.15,51.7863550918208
2024-04-20,0,"wk inc flu hosp",2024-04-20,"04","quantile",0.15,51.5259306655324
2024-04-20,1,"wk inc flu hosp",2024-04-27,"04","quantile",0.15,40.9887270696428
2024-04-20,2,"wk inc flu hosp",2024-05-04,"04","quantile",0.15,34.1481198399005
2024-04-20,3,"wk inc flu hosp",2024-05-11,"04","quantile",0.15,30.0194653924095
2024-04-20,-1,"wk inc flu hosp",2024-04-13,"04","quantile",0.2,56.5841342989787
2024-04-20,0,"wk inc flu hosp",2024-04-20,"04","quantile",0.2,56.3422809196825
2024-04-20,1,"wk inc flu hosp",2024-04-27,"04","quantile",0.2,46.2275984379071
2024-04-20,2,"wk inc flu hosp",2024-05-04,"04","quantile",0.2,39.5898555330238
2024-04-20,3,"wk inc flu hosp",2024-05-11,"04","quantile",0.2,35.2820942750338
2024-04-20,-1,"wk inc flu hosp",2024-04-13,"04","quantile",0.25,61.1308370902732
2024-04-20,0,"wk inc flu hosp",2024-04-20,"04","quantile",0.25,60.7858770665283
2024-04-20,1,"wk inc flu hosp",2024-04-27,"04","quantile",0.25,51.4306595737461
2024-04-20,2,"wk inc flu hosp",2024-05-04,"04","quantile",0.25,44.9509900233235
2024-04-20,3,"wk inc flu hosp",2024-05-11,"04","quantile",0.25,40.4683334273946
2024-04-20,-1,"wk inc flu hosp",2024-04-13,"04","quantile",0.3,65.325061544287
2024-04-20,0,"wk inc flu hosp",2024-04-20,"04","quantile",0.3,65.0759304280833
2024-04-20,1,"wk inc flu hosp",2024-04-27,"04","quantile",0.3,56.586559746591
2024-04-20,2,"wk inc flu hosp",2024-05-04,"04","quantile",0.3,50.4105337546728
2024-04-20,3,"wk inc flu hosp",2024-05-11,"04","quantile",0.3,46.0197917188819
2024-04-20,-1,"wk inc flu hosp",2024-04-13,"04","quantile",0.35,69.5968824633945
2024-04-20,0,"wk inc flu hosp",2024-04-20,"04","quantile",0.35,69.324859261581
2024-04-20,1,"wk inc flu hosp",2024-04-27,"04","quantile",0.35,61.9578108915263
2024-04-20,2,"wk inc flu hosp",2024-05-04,"04","quantile",0.35,55.8403752772724
2024-04-20,3,"wk inc flu hosp",2024-05-11,"04","quantile",0.35,51.6359542525176
2024-04-20,-1,"wk inc flu hosp",2024-04-13,"04","quantile",0.4,73.7801285534406
2024-04-20,0,"wk inc flu hosp",2024-04-20,"04","quantile",0.4,73.5789745827873
2024-04-20,1,"wk inc flu hosp",2024-04-27,"04","quantile",0.4,67.5683642778048
2024-04-20,2,"wk inc flu hosp",2024-05-04,"04","quantile",0.4,62.1295837805282
2024-04-20,3,"wk inc flu hosp",2024-05-11,"04","quantile",0.4,57.9152824860109
2024-04-20,-1,"wk inc flu hosp",2024-04-13,"04","quantile",0.45,78.233536624286
2024-04-20,0,"wk inc flu hosp",2024-04-20,"04","quantile",0.45,77.9220015759845
2024-04-20,1,"wk inc flu hosp",2024-04-27,"04","quantile",0.45,73.3716774181223
2024-04-20,2,"wk inc flu hosp",2024-05-04,"04","quantile",0.45,68.6225106412384
2024-04-20,3,"wk inc flu hosp",2024-05-11,"04","quantile",0.45,64.5728826234849
2024-04-20,-1,"wk inc flu hosp",2024-04-13,"04","quantile",0.5,82.8183040217517
2024-04-20,0,"wk inc flu hosp",2024-04-20,"04","quantile",0.5,82.4263585154591
2024-04-20,1,"wk inc flu hosp",2024-04-27,"04","quantile",0.5,79.6101903737739
2024-04-20,2,"wk inc flu hosp",2024-05-04,"04","quantile",0.5,75.9521030863265
2024-04-20,3,"wk inc flu hosp",2024-05-11,"04","quantile",0.5,72.0560269459594
2024-04-20,-1,"wk inc flu hosp",2024-04-13,"04","quantile",0.55,87.6053208638364
2024-04-20,0,"wk inc flu hosp",2024-04-20,"04","quantile",0.55,87.1326443319239
2024-04-20,1,"wk inc flu hosp",2024-04-27,"04","quantile",0.55,86.3079437128792
2024-04-20,2,"wk inc flu hosp",2024-05-04,"04","quantile",0.55,83.859438082951
2024-04-20,3,"wk inc flu hosp",2024-05-11,"04","quantile",0.55,80.5119131468527
2024-04-20,-1,"wk inc flu hosp",2024-04-13,"04","quantile",0.6,92.7010398305617
2024-04-20,0,"wk inc flu hosp",2024-04-20,"04","quantile",0.6,92.2904921769659
2024-04-20,1,"wk inc flu hosp",2024-04-27,"04","quantile",0.6,93.8311848242239
2024-04-20,2,"wk inc flu hosp",2024-05-04,"04","quantile",0.6,92.6149325690581
2024-04-20,3,"wk inc flu hosp",2024-05-11,"04","quantile",0.6,90.1145623000507
2024-04-20,-1,"wk inc flu hosp",2024-04-13,"04","quantile",0.65,98.43749312462
2024-04-20,0,"wk inc flu hosp",2024-04-20,"04","quantile",0.65,98.028260076072
2024-04-20,1,"wk inc flu hosp",2024-04-27,"04","quantile",0.65,102.23721973881
2024-04-20,2,"wk inc flu hosp",2024-05-04,"04","quantile",0.65,102.593266143347
2024-04-20,3,"wk inc flu hosp",2024-05-11,"04","quantile",0.65,101.274208755141
2024-04-20,-1,"wk inc flu hosp",2024-04-13,"04","quantile",0.7,104.80216549515
2024-04-20,0,"wk inc flu hosp",2024-04-20,"04","quantile",0.7,104.270751479505
2024-04-20,1,"wk inc flu hosp",2024-04-27,"04","quantile",0.7,111.756736520302
2024-04-20,2,"wk inc flu hosp",2024-05-04,"04","quantile",0.7,114.524879570604
2024-04-20,3,"wk inc flu hosp",2024-05-11,"04","quantile",0.7,114.65508541905
2024-04-20,-1,"wk inc flu hosp",2024-04-13,"04","quantile",0.75,111.943392485304
2024-04-20,0,"wk inc flu hosp",2024-04-20,"04","quantile",0.75,111.42987158609
2024-04-20,1,"wk inc flu hosp",2024-04-27,"04","quantile",0.75,123.486111050719
2024-04-20,2,"wk inc flu hosp",2024-05-04,"04","quantile",0.75,128.809048441497
2024-04-20,3,"wk inc flu hosp",2024-05-11,"04","quantile",0.75,131.802015102014
2024-04-20,-1,"wk inc flu hosp",2024-04-13,"04","quantile",0.8,120.587101000409
2024-04-20,0,"wk inc flu hosp",2024-04-20,"04","quantile",0.8,120.546071943597
2024-04-20,1,"wk inc flu hosp",2024-04-27,"04","quantile",0.8,137.964726554638
2024-04-20,2,"wk inc flu hosp",2024-05-04,"04","quantile",0.8,147.369367222887
2024-04-20,3,"wk inc flu hosp",2024-05-11,"04","quantile",0.8,154.037546632656
2024-04-20,-1,"wk inc flu hosp",2024-04-13,"04","quantile",0.85,131.839908687937
2024-04-20,0,"wk inc flu hosp",2024-04-20,"04","quantile",0.85,131.351699992033
2024-04-20,1,"wk inc flu hosp",2024-04-27,"04","quantile",0.85,156.885489955971
2024-04-20,2,"wk inc flu hosp",2024-05-04,"04","quantile",0.85,172.287541532278
2024-04-20,3,"wk inc flu hosp",2024-05-11,"04","quantile",0.85,183.828540315999
2024-04-20,-1,"wk inc flu hosp",2024-04-13,"04","quantile",0.9,147.321522259386
2024-04-20,0,"wk inc flu hosp",2024-04-20,"04","quantile",0.9,146.751642378674
2024-04-20,1,"wk inc flu hosp",2024-04-27,"04","quantile",0.9,184.467806053619
2024-04-20,2,"wk inc flu hosp",2024-05-04,"04","quantile",0.9,210.74186048657
2024-04-20,3,"wk inc flu hosp",2024-05-11,"04","quantile",0.9,230.731918173363
2024-04-20,-1,"wk inc flu hosp",2024-04-13,"04","quantile",0.95,173.416282951018
2024-04-20,0,"wk inc flu hosp",2024-04-20,"04","quantile",0.95,173.204983416165
2024-04-20,1,"wk inc flu hosp",2024-04-27,"04","quantile",0.95,234.193225482067
2024-04-20,2,"wk inc flu hosp",2024-05-04,"04","quantile",0.95,286.274018954165
2024-04-20,3,"wk inc flu hosp",2024-05-11,"04","quantile",0.95,334.544029200171
2024-04-20,-1,"wk inc flu hosp",2024-04-13,"04","quantile",0.975,200.28755915696
2024-04-20,0,"wk inc flu hosp",2024-04-20,"04","quantile",0.975,201.096952374952
2024-04-20,1,"wk inc flu hosp",2024-04-27,"04","quantile",0.975,289.41760930253
2024-04-20,2,"wk inc flu hosp",2024-05-04,"04","quantile",0.975,378.012151283192
2024-04-20,3,"wk inc flu hosp",2024-05-11,"04","quantile",0.975,462.120829071588
2024-04-20,-1,"wk inc flu hosp",2024-04-13,"04","quantile",0.99,237.570977341295
2024-04-20,0,"wk inc flu hosp",2024-04-20,"04","quantile",0.99,238.670344672931
2024-04-20,1,"wk inc flu hosp",2024-04-27,"04","quantile",0.99,377.662311699649
2024-04-20,2,"wk inc flu hosp",2024-05-04,"04","quantile",0.99,514.280400316875
2024-04-20,3,"wk inc flu hosp",2024-05-11,"04","quantile",0.99,654.04360808252
2024-04-20,-1,"wk inc flu hosp",2024-04-13,"05","quantile",0.01,11.7012373593533
2024-04-20,0,"wk inc flu hosp",2024-04-20,"05","quantile",0.01,11.3650249047361
2024-04-20,1,"wk inc flu hosp",2024-04-27,"05","quantile",0.01,6.01709276435557
2024-04-20,2,"wk inc flu hosp",2024-05-04,"05","quantile",0.01,3.75517824802382
2024-04-20,3,"wk inc flu hosp",2024-05-11,"05","quantile",0.01,2.83553547761543
2024-04-20,-1,"wk inc flu hosp",2024-04-13,"05","quantile",0.025,14.0992546049774
2024-04-20,0,"wk inc flu hosp",2024-04-20,"05","quantile",0.025,13.6544011104402
2024-04-20,1,"wk inc flu hosp",2024-04-27,"05","quantile",0.025,7.73897979155934
2024-04-20,2,"wk inc flu hosp",2024-05-04,"05","quantile",0.025,5.23987528257983
2024-04-20,3,"wk inc flu hosp",2024-05-11,"05","quantile",0.025,4.01287283886358
2024-04-20,-1,"wk inc flu hosp",2024-04-13,"05","quantile",0.05,16.5682745075879
2024-04-20,0,"wk inc flu hosp",2024-04-20,"05","quantile",0.05,16.0989550362841
2024-04-20,1,"wk inc flu hosp",2024-04-27,"05","quantile",0.05,9.60531304932303
2024-04-20,2,"wk inc flu hosp",2024-05-04,"05","quantile",0.05,6.80705231273559
2024-04-20,3,"wk inc flu hosp",2024-05-11,"05","quantile",0.05,5.27447711776394
2024-04-20,-1,"wk inc flu hosp",2024-04-13,"05","quantile",0.1,19.7280794902222
2024-04-20,0,"wk inc flu hosp",2024-04-20,"05","quantile",0.1,19.296112156941
2024-04-20,1,"wk inc flu hosp",2024-04-27,"05","quantile",0.1,12.331017667027
2024-04-20,2,"wk inc flu hosp",2024-05-04,"05","quantile",0.1,9.03571177566747
2024-04-20,3,"wk inc flu hosp",2024-05-11,"05","quantile",0.1,7.15119192361679
2024-04-20,-1,"wk inc flu hosp",2024-04-13,"05","quantile",0.15,22.3033231866796
2024-04-20,0,"wk inc flu hosp",2024-04-20,"05","quantile",0.15,21.7886824564432
2024-04-20,1,"wk inc flu hosp",2024-04-27,"05","quantile",0.15,14.565397216269
2024-04-20,2,"wk inc flu hosp",2024-05-04,"05","quantile",0.15,10.8515306912395
2024-04-20,3,"wk inc flu hosp",2024-05-11,"05","quantile",0.15,8.7955420017836
2024-04-20,-1,"wk inc flu hosp",2024-04-13,"05","quantile",0.2,24.537373696935
2024-04-20,0,"wk inc flu hosp",2024-04-20,"05","quantile",0.2,24.0031483000072
2024-04-20,1,"wk inc flu hosp",2024-04-27,"05","quantile",0.2,16.5571907675762
2024-04-20,2,"wk inc flu hosp",2024-05-04,"05","quantile",0.2,12.6381907278511
2024-04-20,3,"wk inc flu hosp",2024-05-11,"05","quantile",0.2,10.3569292107217
2024-04-20,-1,"wk inc flu hosp",2024-04-13,"05","quantile",0.25,26.5936717247385
2024-04-20,0,"wk inc flu hosp",2024-04-20,"05","quantile",0.25,26.0447972487166
2024-04-20,1,"wk inc flu hosp",2024-04-27,"05","quantile",0.25,18.4839361761718
2024-04-20,2,"wk inc flu hosp",2024-05-04,"05","quantile",0.25,14.3666310969852
2024-04-20,3,"wk inc flu hosp",2024-05-11,"05","quantile",0.25,11.8863909379992
2024-04-20,-1,"wk inc flu hosp",2024-04-13,"05","quantile",0.3,28.6481459490707
2024-04-20,0,"wk inc flu hosp",2024-04-20,"05","quantile",0.3,27.9828290858503
2024-04-20,1,"wk inc flu hosp",2024-04-27,"05","quantile",0.3,20.4796837562218
2024-04-20,2,"wk inc flu hosp",2024-05-04,"05","quantile",0.3,16.1285781786526
2024-04-20,3,"wk inc flu hosp",2024-05-11,"05","quantile",0.3,13.4707196007374
2024-04-20,-1,"wk inc flu hosp",2024-04-13,"05","quantile",0.35,30.6525136790414
2024-04-20,0,"wk inc flu hosp",2024-04-20,"05","quantile",0.35,29.8679586840872
2024-04-20,1,"wk inc flu hosp",2024-04-27,"05","quantile",0.35,22.4055468918134
2024-04-20,2,"wk inc flu hosp",2024-05-04,"05","quantile",0.35,17.9186173192233
2024-04-20,3,"wk inc flu hosp",2024-05-11,"05","quantile",0.35,15.138625121257
2024-04-20,-1,"wk inc flu hosp",2024-04-13,"05","quantile",0.4,32.6859930133862
2024-04-20,0,"wk inc flu hosp",2024-04-20,"05","quantile",0.4,31.9057271612513
2024-04-20,1,"wk inc flu hosp",2024-04-27,"05","quantile",0.4,24.3825526437824
2024-04-20,2,"wk inc flu hosp",2024-05-04,"05","quantile",0.4,19.8398473622197
2024-04-20,3,"wk inc flu hosp",2024-05-11,"05","quantile",0.4,16.8925743343906
2024-04-20,-1,"wk inc flu hosp",2024-04-13,"05","quantile",0.45,34.736923084711
2024-04-20,0,"wk inc flu hosp",2024-04-20,"05","quantile",0.45,33.9485545695634
2024-04-20,1,"wk inc flu hosp",2024-04-27,"05","quantile",0.45,26.5750264288531
2024-04-20,2,"wk inc flu hosp",2024-05-04,"05","quantile",0.45,21.8326821831427
2024-04-20,3,"wk inc flu hosp",2024-05-11,"05","quantile",0.45,18.7638692490293
2024-04-20,-1,"wk inc flu hosp",2024-04-13,"05","quantile",0.5,36.8788040795393
2024-04-20,0,"wk inc flu hosp",2024-04-20,"05","quantile",0.5,36.0720002818977
2024-04-20,1,"wk inc flu hosp",2024-04-27,"05","quantile",0.5,28.9413678786344
2024-04-20,2,"wk inc flu hosp",2024-05-04,"05","quantile",0.5,24.0635564428176
2024-04-20,3,"wk inc flu hosp",2024-05-11,"05","quantile",0.5,20.8725757990495
2024-04-20,-1,"wk inc flu hosp",2024-04-13,"05","quantile",0.55,39.1596441608308
2024-04-20,0,"wk inc flu hosp",2024-04-20,"05","quantile",0.55,38.3012477572869
2024-04-20,1,"wk inc flu hosp",2024-04-27,"05","quantile",0.55,31.4498529151598
2024-04-20,2,"wk inc flu hosp",2024-05-04,"05","quantile",0.55,26.5306626907396
2024-04-20,3,"wk inc flu hosp",2024-05-11,"05","quantile",0.55,23.2154898787189
2024-04-20,-1,"wk inc flu hosp",2024-04-13,"05","quantile",0.6,41.5931090693892
2024-04-20,0,"wk inc flu hosp",2024-04-20,"05","quantile",0.6,40.6845988008331
2024-04-20,1,"wk inc flu hosp",2024-04-27,"05","quantile",0.6,34.1562020730746
2024-04-20,2,"wk inc flu hosp",2024-05-04,"05","quantile",0.6,29.2150689931334
2024-04-20,3,"wk inc flu hosp",2024-05-11,"05","quantile",0.6,25.8270021996074
2024-04-20,-1,"wk inc flu hosp",2024-04-13,"05","quantile",0.65,44.3486443912627
2024-04-20,0,"wk inc flu hosp",2024-04-20,"05","quantile",0.65,43.3863584697408
2024-04-20,1,"wk inc flu hosp",2024-04-27,"05","quantile",0.65,37.255288736095
2024-04-20,2,"wk inc flu hosp",2024-05-04,"05","quantile",0.65,32.3838150848728
2024-04-20,3,"wk inc flu hosp",2024-05-11,"05","quantile",0.65,28.827072503632
2024-04-20,-1,"wk inc flu hosp",2024-04-13,"05","quantile",0.7,47.3493262542252
2024-04-20,0,"wk inc flu hosp",2024-04-20,"05","quantile",0.7,46.4144531295614
2024-04-20,1,"wk inc flu hosp",2024-04-27,"05","quantile",0.7,40.7544422856107
2024-04-20,2,"wk inc flu hosp",2024-05-04,"05","quantile",0.7,36.0360749977561
2024-04-20,3,"wk inc flu hosp",2024-05-11,"05","quantile",0.7,32.40464650503
2024-04-20,-1,"wk inc flu hosp",2024-04-13,"05","quantile",0.75,50.8755337204666
2024-04-20,0,"wk inc flu hosp",2024-04-20,"05","quantile",0.75,49.8392409686203
2024-04-20,1,"wk inc flu hosp",2024-04-27,"05","quantile",0.75,45.0468454168377
2024-04-20,2,"wk inc flu hosp",2024-05-04,"05","quantile",0.75,40.5631662184626
2024-04-20,3,"wk inc flu hosp",2024-05-11,"05","quantile",0.75,36.7677271660911
2024-04-20,-1,"wk inc flu hosp",2024-04-13,"05","quantile",0.8,55.2008873350933
2024-04-20,0,"wk inc flu hosp",2024-04-20,"05","quantile",0.8,54.025456544788
2024-04-20,1,"wk inc flu hosp",2024-04-27,"05","quantile",0.8,50.3412047590398
2024-04-20,2,"wk inc flu hosp",2024-05-04,"05","quantile",0.8,46.1382816689766
2024-04-20,3,"wk inc flu hosp",2024-05-11,"05","quantile",0.8,42.3499920951517
2024-04-20,-1,"wk inc flu hosp",2024-04-13,"05","quantile",0.85,60.5969525726634
2024-04-20,0,"wk inc flu hosp",2024-04-20,"05","quantile",0.85,59.4843429188325
2024-04-20,1,"wk inc flu hosp",2024-04-27,"05","quantile",0.85,57.2270421242293
2024-04-20,2,"wk inc flu hosp",2024-05-04,"05","quantile",0.85,53.7130391137907
2024-04-20,3,"wk inc flu hosp",2024-05-11,"05","quantile",0.85,50.3705546371277
2024-04-20,-1,"wk inc flu hosp",2024-04-13,"05","quantile",0.9,68.1542552412925
2024-04-20,0,"wk inc flu hosp",2024-04-20,"05","quantile",0.9,66.7237099166321
2024-04-20,1,"wk inc flu hosp",2024-04-27,"05","quantile",0.9,67.310253294195
2024-04-20,2,"wk inc flu hosp",2024-05-04,"05","quantile",0.9,65.8723099670036
2024-04-20,3,"wk inc flu hosp",2024-05-11,"05","quantile",0.9,63.1109300321903
2024-04-20,-1,"wk inc flu hosp",2024-04-13,"05","quantile",0.95,80.743350938508
2024-04-20,0,"wk inc flu hosp",2024-04-20,"05","quantile",0.95,79.2776049685014
2024-04-20,1,"wk inc flu hosp",2024-04-27,"05","quantile",0.95,85.5131381759418
2024-04-20,2,"wk inc flu hosp",2024-05-04,"05","quantile",0.95,88.6582909889017
2024-04-20,3,"wk inc flu hosp",2024-05-11,"05","quantile",0.95,88.9859894464485
2024-04-20,-1,"wk inc flu hosp",2024-04-13,"05","quantile",0.975,93.408012038407
2024-04-20,0,"wk inc flu hosp",2024-04-20,"05","quantile",0.975,92.2629901089065
2024-04-20,1,"wk inc flu hosp",2024-04-27,"05","quantile",0.975,106.460877345846
2024-04-20,2,"wk inc flu hosp",2024-05-04,"05","quantile",0.975,115.802625021262
2024-04-20,3,"wk inc flu hosp",2024-05-11,"05","quantile",0.975,120.084861100675
2024-04-20,-1,"wk inc flu hosp",2024-04-13,"05","quantile",0.99,112.15812413371
2024-04-20,0,"wk inc flu hosp",2024-04-20,"05","quantile",0.99,111.049288406303
2024-04-20,1,"wk inc flu hosp",2024-04-27,"05","quantile",0.99,138.188571229332
2024-04-20,2,"wk inc flu hosp",2024-05-04,"05","quantile",0.99,160.264912744499
2024-04-20,3,"wk inc flu hosp",2024-05-11,"05","quantile",0.99,174.319283232956
2024-04-20,-1,"wk inc flu hosp",2024-04-13,"06","quantile",0.01,43.8730964177037
2024-04-20,0,"wk inc flu hosp",2024-04-20,"06","quantile",0.01,43.1468329095779
2024-04-20,1,"wk inc flu hosp",2024-04-27,"06","quantile",0.01,23.8405416142062
2024-04-20,2,"wk inc flu hosp",2024-05-04,"06","quantile",0.01,16.6176040652976
2024-04-20,3,"wk inc flu hosp",2024-05-11,"06","quantile",0.01,13.2956934028391
2024-04-20,-1,"wk inc flu hosp",2024-04-13,"06","quantile",0.025,53.6130916152542
2024-04-20,0,"wk inc flu hosp",2024-04-20,"06","quantile",0.025,53.2245082624392
2024-04-20,1,"wk inc flu hosp",2024-04-27,"06","quantile",0.025,32.0676498421769
2024-04-20,2,"wk inc flu hosp",2024-05-04,"06","quantile",0.025,23.3117142010226
2024-04-20,3,"wk inc flu hosp",2024-05-11,"06","quantile",0.025,19.0201245776816
2024-04-20,-1,"wk inc flu hosp",2024-04-13,"06","quantile",0.05,64.4118016435021
2024-04-20,0,"wk inc flu hosp",2024-04-20,"06","quantile",0.05,64.041728431742
2024-04-20,1,"wk inc flu hosp",2024-04-27,"06","quantile",0.05,40.8251800295317
2024-04-20,2,"wk inc flu hosp",2024-05-04,"06","quantile",0.05,30.9753030323864
2024-04-20,3,"wk inc flu hosp",2024-05-11,"06","quantile",0.05,25.883082376685
2024-04-20,-1,"wk inc flu hosp",2024-04-13,"06","quantile",0.1,79.2968625164581
2024-04-20,0,"wk inc flu hosp",2024-04-20,"06","quantile",0.1,78.4130408348084
2024-04-20,1,"wk inc flu hosp",2024-04-27,"06","quantile",0.1,54.2502343321078
2024-04-20,2,"wk inc flu hosp",2024-05-04,"06","quantile",0.1,43.0546385524563
2024-04-20,3,"wk inc flu hosp",2024-05-11,"06","quantile",0.1,37.0765878623148
2024-04-20,-1,"wk inc flu hosp",2024-04-13,"06","quantile",0.15,91.2141731911299
2024-04-20,0,"wk inc flu hosp",2024-04-20,"06","quantile",0.15,90.293516053805
2024-04-20,1,"wk inc flu hosp",2024-04-27,"06","quantile",0.15,65.5133432342556
2024-04-20,2,"wk inc flu hosp",2024-05-04,"06","quantile",0.15,54.3290265474045
2024-04-20,3,"wk inc flu hosp",2024-05-11,"06","quantile",0.15,47.5013817976302
2024-04-20,-1,"wk inc flu hosp",2024-04-13,"06","quantile",0.2,101.279183167238
2024-04-20,0,"wk inc flu hosp",2024-04-20,"06","quantile",0.2,100.740463736994
2024-04-20,1,"wk inc flu hosp",2024-04-27,"06","quantile",0.2,76.6720014046088
2024-04-20,2,"wk inc flu hosp",2024-05-04,"06","quantile",0.2,64.8484255641399
2024-04-20,3,"wk inc flu hosp",2024-05-11,"06","quantile",0.2,57.6906452205671
2024-04-20,-1,"wk inc flu hosp",2024-04-13,"06","quantile",0.25,111.531055608507
2024-04-20,0,"wk inc flu hosp",2024-04-20,"06","quantile",0.25,110.620000512169
2024-04-20,1,"wk inc flu hosp",2024-04-27,"06","quantile",0.25,87.6001937738571
2024-04-20,2,"wk inc flu hosp",2024-05-04,"06","quantile",0.25,75.8320935828725
2024-04-20,3,"wk inc flu hosp",2024-05-11,"06","quantile",0.25,68.3761458693021
2024-04-20,-1,"wk inc flu hosp",2024-04-13,"06","quantile",0.3,121.270659191413
2024-04-20,0,"wk inc flu hosp",2024-04-20,"06","quantile",0.3,120.217020303769
2024-04-20,1,"wk inc flu hosp",2024-04-27,"06","quantile",0.3,98.6905544402299
2024-04-20,2,"wk inc flu hosp",2024-05-04,"06","quantile",0.3,87.4259025653302
2024-04-20,3,"wk inc flu hosp",2024-05-11,"06","quantile",0.3,79.8013793915113
2024-04-20,-1,"wk inc flu hosp",2024-04-13,"06","quantile",0.35,131.235333491692
2024-04-20,0,"wk inc flu hosp",2024-04-20,"06","quantile",0.35,129.708022151976
2024-04-20,1,"wk inc flu hosp",2024-04-27,"06","quantile",0.35,109.931591052411
2024-04-20,2,"wk inc flu hosp",2024-05-04,"06","quantile",0.35,99.5022436677607
2024-04-20,3,"wk inc flu hosp",2024-05-11,"06","quantile",0.35,92.6947952746111
2024-04-20,-1,"wk inc flu hosp",2024-04-13,"06","quantile",0.4,141.649117431494
2024-04-20,0,"wk inc flu hosp",2024-04-20,"06","quantile",0.4,139.975201239795
2024-04-20,1,"wk inc flu hosp",2024-04-27,"06","quantile",0.4,122.278986530992
2024-04-20,2,"wk inc flu hosp",2024-05-04,"06","quantile",0.4,113.068337913629
2024-04-20,3,"wk inc flu hosp",2024-05-11,"06","quantile",0.4,106.787367232782
2024-04-20,-1,"wk inc flu hosp",2024-04-13,"06","quantile",0.45,152.639657902607
2024-04-20,0,"wk inc flu hosp",2024-04-20,"06","quantile",0.45,150.460658047017
2024-04-20,1,"wk inc flu hosp",2024-04-27,"06","quantile",0.45,134.724809563693
2024-04-20,2,"wk inc flu hosp",2024-05-04,"06","quantile",0.45,127.769757461165
2024-04-20,3,"wk inc flu hosp",2024-05-11,"06","quantile",0.45,122.297510173383
2024-04-20,-1,"wk inc flu hosp",2024-04-13,"06","quantile",0.5,163.58074273073
2024-04-20,0,"wk inc flu hosp",2024-04-20,"06","quantile",0.5,161.962524141393
2024-04-20,1,"wk inc flu hosp",2024-04-27,"06","quantile",0.5,149.455044361636
2024-04-20,2,"wk inc flu hosp",2024-05-04,"06","quantile",0.5,144.408816434438
2024-04-20,3,"wk inc flu hosp",2024-05-11,"06","quantile",0.5,139.72603102886
2024-04-20,-1,"wk inc flu hosp",2024-04-13,"06","quantile",0.55,175.46315801987
2024-04-20,0,"wk inc flu hosp",2024-04-20,"06","quantile",0.55,173.854708804484
2024-04-20,1,"wk inc flu hosp",2024-04-27,"06","quantile",0.55,165.76114646686
2024-04-20,2,"wk inc flu hosp",2024-05-04,"06","quantile",0.55,162.697003699784
2024-04-20,3,"wk inc flu hosp",2024-05-11,"06","quantile",0.55,160.404130226229
2024-04-20,-1,"wk inc flu hosp",2024-04-13,"06","quantile",0.6,188.500629947024
2024-04-20,0,"wk inc flu hosp",2024-04-20,"06","quantile",0.6,186.091117738342
2024-04-20,1,"wk inc flu hosp",2024-04-27,"06","quantile",0.6,184.338613553907
2024-04-20,2,"wk inc flu hosp",2024-05-04,"06","quantile",0.6,184.595769668592
2024-04-20,3,"wk inc flu hosp",2024-05-11,"06","quantile",0.6,184.956476685782
2024-04-20,-1,"wk inc flu hosp",2024-04-13,"06","quantile",0.65,202.519590070078
2024-04-20,0,"wk inc flu hosp",2024-04-20,"06","quantile",0.65,199.932809269463
2024-04-20,1,"wk inc flu hosp",2024-04-27,"06","quantile",0.65,205.064247849101
2024-04-20,2,"wk inc flu hosp",2024-05-04,"06","quantile",0.65,209.923357632994
2024-04-20,3,"wk inc flu hosp",2024-05-11,"06","quantile",0.65,213.835488280289
2024-04-20,-1,"wk inc flu hosp",2024-04-13,"06","quantile",0.7,219.177209634752
2024-04-20,0,"wk inc flu hosp",2024-04-20,"06","quantile",0.7,216.401015163515
2024-04-20,1,"wk inc flu hosp",2024-04-27,"06","quantile",0.7,229.774190790417
2024-04-20,2,"wk inc flu hosp",2024-05-04,"06","quantile",0.7,241.386076780365
2024-04-20,3,"wk inc flu hosp",2024-05-11,"06","quantile",0.7,249.818718173651
2024-04-20,-1,"wk inc flu hosp",2024-04-13,"06","quantile",0.75,238.724593997724
2024-04-20,0,"wk inc flu hosp",2024-04-20,"06","quantile",0.75,236.107160506055
2024-04-20,1,"wk inc flu hosp",2024-04-27,"06","quantile",0.75,259.290421870247
2024-04-20,2,"wk inc flu hosp",2024-05-04,"06","quantile",0.75,281.028229913958
2024-04-20,3,"wk inc flu hosp",2024-05-11,"06","quantile",0.75,297.151406182999
2024-04-20,-1,"wk inc flu hosp",2024-04-13,"06","quantile",0.8,262.074409272121
2024-04-20,0,"wk inc flu hosp",2024-04-20,"06","quantile",0.8,259.193449764531
2024-04-20,1,"wk inc flu hosp",2024-04-27,"06","quantile",0.8,299.060819205312
2024-04-20,2,"wk inc flu hosp",2024-05-04,"06","quantile",0.8,333.742336255482
2024-04-20,3,"wk inc flu hosp",2024-05-11,"06","quantile",0.8,362.203718348545
2024-04-20,-1,"wk inc flu hosp",2024-04-13,"06","quantile",0.85,292.451959441074
2024-04-20,0,"wk inc flu hosp",2024-04-20,"06","quantile",0.85,290.118318222457
2024-04-20,1,"wk inc flu hosp",2024-04-27,"06","quantile",0.85,350.243692841033
2024-04-20,2,"wk inc flu hosp",2024-05-04,"06","quantile",0.85,406.313237652477
2024-04-20,3,"wk inc flu hosp",2024-05-11,"06","quantile",0.85,459.709539858177
2024-04-20,-1,"wk inc flu hosp",2024-04-13,"06","quantile",0.9,335.196591792991
2024-04-20,0,"wk inc flu hosp",2024-04-20,"06","quantile",0.9,332.120700312184
2024-04-20,1,"wk inc flu hosp",2024-04-27,"06","quantile",0.9,429.440779162865
2024-04-20,2,"wk inc flu hosp",2024-05-04,"06","quantile",0.9,525.681530258793
2024-04-20,3,"wk inc flu hosp",2024-05-11,"06","quantile",0.9,624.092920270896
2024-04-20,-1,"wk inc flu hosp",2024-04-13,"06","quantile",0.95,413.34664866234
2024-04-20,0,"wk inc flu hosp",2024-04-20,"06","quantile",0.95,411.879422889258
2024-04-20,1,"wk inc flu hosp",2024-04-27,"06","quantile",0.95,586.214011855548
2024-04-20,2,"wk inc flu hosp",2024-05-04,"06","quantile",0.95,773.96309179976
2024-04-20,3,"wk inc flu hosp",2024-05-11,"06","quantile",0.95,982.155872943678
2024-04-20,-1,"wk inc flu hosp",2024-04-13,"06","quantile",0.975,497.189959594615
2024-04-20,0,"wk inc flu hosp",2024-04-20,"06","quantile",0.975,490.20947044871
2024-04-20,1,"wk inc flu hosp",2024-04-27,"06","quantile",0.975,771.740251917527
2024-04-20,2,"wk inc flu hosp",2024-05-04,"06","quantile",0.975,1092.3016026097
2024-04-20,3,"wk inc flu hosp",2024-05-11,"06","quantile",0.975,1469.11766386096
2024-04-20,-1,"wk inc flu hosp",2024-04-13,"06","quantile",0.99,608.494607006324
2024-04-20,0,"wk inc flu hosp",2024-04-20,"06","quantile",0.99,607.370568955021
2024-04-20,1,"wk inc flu hosp",2024-04-27,"06","quantile",0.99,1071.30637928938
2024-04-20,2,"wk inc flu hosp",2024-05-04,"06","quantile",0.99,1636.16263238347
2024-04-20,3,"wk inc flu hosp",2024-05-11,"06","quantile",0.99,2370.73798621681
2024-04-20,-1,"wk inc flu hosp",2024-04-13,"08","quantile",0.01,10.2921170898529
2024-04-20,0,"wk inc flu hosp",2024-04-20,"08","quantile",0.01,10.4432926016559
2024-04-20,1,"wk inc flu hosp",2024-04-27,"08","quantile",0.01,4.76631721128
2024-04-20,2,"wk inc flu hosp",2024-05-04,"08","quantile",0.01,2.65515377265795
2024-04-20,3,"wk inc flu hosp",2024-05-11,"08","quantile",0.01,1.63279083287032
2024-04-20,-1,"wk inc flu hosp",2024-04-13,"08","quantile",0.025,12.9386111867764
2024-04-20,0,"wk inc flu hosp",2024-04-20,"08","quantile",0.025,13.1216965010131
2024-04-20,1,"wk inc flu hosp",2024-04-27,"08","quantile",0.025,6.7842036586073
2024-04-20,2,"wk inc flu hosp",2024-05-04,"08","quantile",0.025,4.00995335669692
2024-04-20,3,"wk inc flu hosp",2024-05-11,"08","quantile",0.025,2.72569794446574
2024-04-20,-1,"wk inc flu hosp",2024-04-13,"08","quantile",0.05,15.7067979895613
2024-04-20,0,"wk inc flu hosp",2024-04-20,"08","quantile",0.05,16.0394721112691
2024-04-20,1,"wk inc flu hosp",2024-04-27,"08","quantile",0.05,8.81934724845839
2024-04-20,2,"wk inc flu hosp",2024-05-04,"08","quantile",0.05,5.66930923938464
2024-04-20,3,"wk inc flu hosp",2024-05-11,"08","quantile",0.05,4.00268782384464
2024-04-20,-1,"wk inc flu hosp",2024-04-13,"08","quantile",0.1,19.6135740454922
2024-04-20,0,"wk inc flu hosp",2024-04-20,"08","quantile",0.1,19.8392265308929
2024-04-20,1,"wk inc flu hosp",2024-04-27,"08","quantile",0.1,11.9594636588645
2024-04-20,2,"wk inc flu hosp",2024-05-04,"08","quantile",0.1,8.17748325636047
2024-04-20,3,"wk inc flu hosp",2024-05-11,"08","quantile",0.1,5.95246633506181
2024-04-20,-1,"wk inc flu hosp",2024-04-13,"08","quantile",0.15,22.7150429462085
2024-04-20,0,"wk inc flu hosp",2024-04-20,"08","quantile",0.15,22.8745591539161
2024-04-20,1,"wk inc flu hosp",2024-04-27,"08","quantile",0.15,14.5929309983018
2024-04-20,2,"wk inc flu hosp",2024-05-04,"08","quantile",0.15,10.3684744302775
2024-04-20,3,"wk inc flu hosp",2024-05-11,"08","quantile",0.15,7.75788304416992
2024-04-20,-1,"wk inc flu hosp",2024-04-13,"08","quantile",0.2,25.5076459709129
2024-04-20,0,"wk inc flu hosp",2024-04-20,"08","quantile",0.2,25.7165573672154
2024-04-20,1,"wk inc flu hosp",2024-04-27,"08","quantile",0.2,17.0874167606882
2024-04-20,2,"wk inc flu hosp",2024-05-04,"08","quantile",0.2,12.4694219903742
2024-04-20,3,"wk inc flu hosp",2024-05-11,"08","quantile",0.2,9.62961332532358
2024-04-20,-1,"wk inc flu hosp",2024-04-13,"08","quantile",0.25,28.2084676640276
2024-04-20,0,"wk inc flu hosp",2024-04-20,"08","quantile",0.25,28.3338872769136
2024-04-20,1,"wk inc flu hosp",2024-04-27,"08","quantile",0.25,19.516108756396
2024-04-20,2,"wk inc flu hosp",2024-05-04,"08","quantile",0.25,14.6392385040683
2024-04-20,3,"wk inc flu hosp",2024-05-11,"08","quantile",0.25,11.5126299795773
2024-04-20,-1,"wk inc flu hosp",2024-04-13,"08","quantile",0.3,30.6906841314302
2024-04-20,0,"wk inc flu hosp",2024-04-20,"08","quantile",0.3,30.8699540568797
2024-04-20,1,"wk inc flu hosp",2024-04-27,"08","quantile",0.3,22.0957211084564
2024-04-20,2,"wk inc flu hosp",2024-05-04,"08","quantile",0.3,16.8759441988281
2024-04-20,3,"wk inc flu hosp",2024-05-11,"08","quantile",0.3,13.4849723990752
2024-04-20,-1,"wk inc flu hosp",2024-04-13,"08","quantile",0.35,33.2277168942126
2024-04-20,0,"wk inc flu hosp",2024-04-20,"08","quantile",0.35,33.4670685602096
2024-04-20,1,"wk inc flu hosp",2024-04-27,"08","quantile",0.35,24.6965255061244
2024-04-20,2,"wk inc flu hosp",2024-05-04,"08","quantile",0.35,19.2064897354586
2024-04-20,3,"wk inc flu hosp",2024-05-11,"08","quantile",0.35,15.5849297133479
2024-04-20,-1,"wk inc flu hosp",2024-04-13,"08","quantile",0.4,35.9204360813379
2024-04-20,0,"wk inc flu hosp",2024-04-20,"08","quantile",0.4,36.0866464782082
2024-04-20,1,"wk inc flu hosp",2024-04-27,"08","quantile",0.4,27.3917059546977
2024-04-20,2,"wk inc flu hosp",2024-05-04,"08","quantile",0.4,21.757803421939
2024-04-20,3,"wk inc flu hosp",2024-05-11,"08","quantile",0.4,17.7749513596671
2024-04-20,-1,"wk inc flu hosp",2024-04-13,"08","quantile",0.45,38.7939224301786
2024-04-20,0,"wk inc flu hosp",2024-04-20,"08","quantile",0.45,38.9126522912891
2024-04-20,1,"wk inc flu hosp",2024-04-27,"08","quantile",0.45,30.318764248303
2024-04-20,2,"wk inc flu hosp",2024-05-04,"08","quantile",0.45,24.4650016422269
2024-04-20,3,"wk inc flu hosp",2024-05-11,"08","quantile",0.45,20.2731754686561
2024-04-20,-1,"wk inc flu hosp",2024-04-13,"08","quantile",0.5,41.7413102169022
2024-04-20,0,"wk inc flu hosp",2024-04-20,"08","quantile",0.5,41.9363437502369
2024-04-20,1,"wk inc flu hosp",2024-04-27,"08","quantile",0.5,33.4893828071286
2024-04-20,2,"wk inc flu hosp",2024-05-04,"08","quantile",0.5,27.4800950679935
2024-04-20,3,"wk inc flu hosp",2024-05-11,"08","quantile",0.5,22.9988696968519
2024-04-20,-1,"wk inc flu hosp",2024-04-13,"08","quantile",0.55,44.9914383503752
2024-04-20,0,"wk inc flu hosp",2024-04-20,"08","quantile",0.55,45.1035038821753
2024-04-20,1,"wk inc flu hosp",2024-04-27,"08","quantile",0.55,36.9686442292959
2024-04-20,2,"wk inc flu hosp",2024-05-04,"08","quantile",0.55,30.8700065818732
2024-04-20,3,"wk inc flu hosp",2024-05-11,"08","quantile",0.55,26.2442530449638
2024-04-20,-1,"wk inc flu hosp",2024-04-13,"08","quantile",0.6,48.4769345450717
2024-04-20,0,"wk inc flu hosp",2024-04-20,"08","quantile",0.6,48.538993304789
2024-04-20,1,"wk inc flu hosp",2024-04-27,"08","quantile",0.6,40.8594439014628
2024-04-20,2,"wk inc flu hosp",2024-05-04,"08","quantile",0.6,34.8395810307181
2024-04-20,3,"wk inc flu hosp",2024-05-11,"08","quantile",0.6,30.0141136933495
2024-04-20,-1,"wk inc flu hosp",2024-04-13,"08","quantile",0.65,52.3668965603478
2024-04-20,0,"wk inc flu hosp",2024-04-20,"08","quantile",0.65,52.4594533436923
2024-04-20,1,"wk inc flu hosp",2024-04-27,"08","quantile",0.65,45.3159661804519
2024-04-20,2,"wk inc flu hosp",2024-05-04,"08","quantile",0.65,39.4871368620984
2024-04-20,3,"wk inc flu hosp",2024-05-11,"08","quantile",0.65,34.4305534165075
2024-04-20,-1,"wk inc flu hosp",2024-04-13,"08","quantile",0.7,56.7052946004716
2024-04-20,0,"wk inc flu hosp",2024-04-20,"08","quantile",0.7,57.0015167558891
2024-04-20,1,"wk inc flu hosp",2024-04-27,"08","quantile",0.7,50.5708269336168
2024-04-20,2,"wk inc flu hosp",2024-05-04,"08","quantile",0.7,45.1038590064405
2024-04-20,3,"wk inc flu hosp",2024-05-11,"08","quantile",0.7,39.9678494264333
2024-04-20,-1,"wk inc flu hosp",2024-04-13,"08","quantile",0.75,61.925312118296
2024-04-20,0,"wk inc flu hosp",2024-04-20,"08","quantile",0.75,62.3034070150174
2024-04-20,1,"wk inc flu hosp",2024-04-27,"08","quantile",0.75,57.0641879158612
2024-04-20,2,"wk inc flu hosp",2024-05-04,"08","quantile",0.75,52.1495332405926
2024-04-20,3,"wk inc flu hosp",2024-05-11,"08","quantile",0.75,47.0797284318591
2024-04-20,-1,"wk inc flu hosp",2024-04-13,"08","quantile",0.8,68.3360181726874
2024-04-20,0,"wk inc flu hosp",2024-04-20,"08","quantile",0.8,68.5000473571579
2024-04-20,1,"wk inc flu hosp",2024-04-27,"08","quantile",0.8,65.6314574464238
2024-04-20,2,"wk inc flu hosp",2024-05-04,"08","quantile",0.8,61.1672383461272
2024-04-20,3,"wk inc flu hosp",2024-05-11,"08","quantile",0.8,56.4859198041075
2024-04-20,-1,"wk inc flu hosp",2024-04-13,"08","quantile",0.85,76.3792695522714
2024-04-20,0,"wk inc flu hosp",2024-04-20,"08","quantile",0.85,76.3235064742114
2024-04-20,1,"wk inc flu hosp",2024-04-27,"08","quantile",0.85,76.5373158844786
2024-04-20,2,"wk inc flu hosp",2024-05-04,"08","quantile",0.85,73.8222836601443
2024-04-20,3,"wk inc flu hosp",2024-05-11,"08","quantile",0.85,69.8431222240857
2024-04-20,-1,"wk inc flu hosp",2024-04-13,"08","quantile",0.9,88.3118131345401
2024-04-20,0,"wk inc flu hosp",2024-04-20,"08","quantile",0.9,87.8420832815449
2024-04-20,1,"wk inc flu hosp",2024-04-27,"08","quantile",0.9,93.3813090168374
2024-04-20,2,"wk inc flu hosp",2024-05-04,"08","quantile",0.9,93.4024817927888
2024-04-20,3,"wk inc flu hosp",2024-05-11,"08","quantile",0.9,90.8513473060999
2024-04-20,-1,"wk inc flu hosp",2024-04-13,"08","quantile",0.95,108.670654352647
2024-04-20,0,"wk inc flu hosp",2024-04-20,"08","quantile",0.95,109.129622961785
2024-04-20,1,"wk inc flu hosp",2024-04-27,"08","quantile",0.95,125.345880481988
2024-04-20,2,"wk inc flu hosp",2024-05-04,"08","quantile",0.95,135.404793914277
2024-04-20,3,"wk inc flu hosp",2024-05-11,"08","quantile",0.95,137.654452539364
2024-04-20,-1,"wk inc flu hosp",2024-04-13,"08","quantile",0.975,130.792166401737
2024-04-20,0,"wk inc flu hosp",2024-04-20,"08","quantile",0.975,129.981439138293
2024-04-20,1,"wk inc flu hosp",2024-04-27,"08","quantile",0.975,164.498541605489
2024-04-20,2,"wk inc flu hosp",2024-05-04,"08","quantile",0.975,188.259885440881
2024-04-20,3,"wk inc flu hosp",2024-05-11,"08","quantile",0.975,202.573513935673
2024-04-20,-1,"wk inc flu hosp",2024-04-13,"08","quantile",0.99,161.425240536999
2024-04-20,0,"wk inc flu hosp",2024-04-20,"08","quantile",0.99,161.376431766166
2024-04-20,1,"wk inc flu hosp",2024-04-27,"08","quantile",0.99,225.341760687424
2024-04-20,2,"wk inc flu hosp",2024-05-04,"08","quantile",0.99,273.770710581861
2024-04-20,3,"wk inc flu hosp",2024-05-11,"08","quantile",0.99,313.146552463475
2024-04-20,-1,"wk inc flu hosp",2024-04-13,"09","quantile",0.01,13.3081996182579
2024-04-20,0,"wk inc flu hosp",2024-04-20,"09","quantile",0.01,12.8877046407904
2024-04-20,1,"wk inc flu hosp",2024-04-27,"09","quantile",0.01,6.39218297720778
2024-04-20,2,"wk inc flu hosp",2024-05-04,"09","quantile",0.01,3.73083078530849
2024-04-20,3,"wk inc flu hosp",2024-05-11,"09","quantile",0.01,2.38618904401517
2024-04-20,-1,"wk inc flu hosp",2024-04-13,"09","quantile",0.025,16.282653750433
2024-04-20,0,"wk inc flu hosp",2024-04-20,"09","quantile",0.025,16.1720489026332
2024-04-20,1,"wk inc flu hosp",2024-04-27,"09","quantile",0.025,8.66576728874927
2024-04-20,2,"wk inc flu hosp",2024-05-04,"09","quantile",0.025,5.41379762655891
2024-04-20,3,"wk inc flu hosp",2024-05-11,"09","quantile",0.025,3.77449809296713
2024-04-20,-1,"wk inc flu hosp",2024-04-13,"09","quantile",0.05,19.7404323519183
2024-04-20,0,"wk inc flu hosp",2024-04-20,"09","quantile",0.05,19.4760391105061
2024-04-20,1,"wk inc flu hosp",2024-04-27,"09","quantile",0.05,11.2924371633286
2024-04-20,2,"wk inc flu hosp",2024-05-04,"09","quantile",0.05,7.43207615471953
2024-04-20,3,"wk inc flu hosp",2024-05-11,"09","quantile",0.05,5.42738238430023
2024-04-20,-1,"wk inc flu hosp",2024-04-13,"09","quantile",0.1,24.4989867239091
2024-04-20,0,"wk inc flu hosp",2024-04-20,"09","quantile",0.1,24.0501913616548
2024-04-20,1,"wk inc flu hosp",2024-04-27,"09","quantile",0.1,15.1780988253363
2024-04-20,2,"wk inc flu hosp",2024-05-04,"09","quantile",0.1,10.6264658488199
2024-04-20,3,"wk inc flu hosp",2024-05-11,"09","quantile",0.1,8.00844199539481
2024-04-20,-1,"wk inc flu hosp",2024-04-13,"09","quantile",0.15,28.1802728439591
2024-04-20,0,"wk inc flu hosp",2024-04-20,"09","quantile",0.15,27.834742958052
2024-04-20,1,"wk inc flu hosp",2024-04-27,"09","quantile",0.15,18.4758196975315
2024-04-20,2,"wk inc flu hosp",2024-05-04,"09","quantile",0.15,13.3515663755606
2024-04-20,3,"wk inc flu hosp",2024-05-11,"09","quantile",0.15,10.4484843139392
2024-04-20,-1,"wk inc flu hosp",2024-04-13,"09","quantile",0.2,31.3921458900642
2024-04-20,0,"wk inc flu hosp",2024-04-20,"09","quantile",0.2,31.1562888728195
2024-04-20,1,"wk inc flu hosp",2024-04-27,"09","quantile",0.2,21.5374313208791
2024-04-20,2,"wk inc flu hosp",2024-05-04,"09","quantile",0.2,16.1872259152809
2024-04-20,3,"wk inc flu hosp",2024-05-11,"09","quantile",0.2,12.7359458826423
2024-04-20,-1,"wk inc flu hosp",2024-04-13,"09","quantile",0.25,34.5864230120928
2024-04-20,0,"wk inc flu hosp",2024-04-20,"09","quantile",0.25,34.2303561806454
2024-04-20,1,"wk inc flu hosp",2024-04-27,"09","quantile",0.25,24.5822473197691
2024-04-20,2,"wk inc flu hosp",2024-05-04,"09","quantile",0.25,18.9430757956906
2024-04-20,3,"wk inc flu hosp",2024-05-11,"09","quantile",0.25,15.2000347569188
2024-04-20,-1,"wk inc flu hosp",2024-04-13,"09","quantile",0.3,37.6766603632287
2024-04-20,0,"wk inc flu hosp",2024-04-20,"09","quantile",0.3,37.2353058872412
2024-04-20,1,"wk inc flu hosp",2024-04-27,"09","quantile",0.3,27.5853186782532
2024-04-20,2,"wk inc flu hosp",2024-05-04,"09","quantile",0.3,21.6847464876425
2024-04-20,3,"wk inc flu hosp",2024-05-11,"09","quantile",0.3,17.7271937658584
2024-04-20,-1,"wk inc flu hosp",2024-04-13,"09","quantile",0.35,40.7786054011396
2024-04-20,0,"wk inc flu hosp",2024-04-20,"09","quantile",0.35,40.3000287953887
2024-04-20,1,"wk inc flu hosp",2024-04-27,"09","quantile",0.35,30.7724725432795
2024-04-20,2,"wk inc flu hosp",2024-05-04,"09","quantile",0.35,24.8129352435582
2024-04-20,3,"wk inc flu hosp",2024-05-11,"09","quantile",0.35,20.626886526861
2024-04-20,-1,"wk inc flu hosp",2024-04-13,"09","quantile",0.4,43.8838789968408
2024-04-20,0,"wk inc flu hosp",2024-04-20,"09","quantile",0.4,43.4423221971288
2024-04-20,1,"wk inc flu hosp",2024-04-27,"09","quantile",0.4,34.1576214766345
2024-04-20,2,"wk inc flu hosp",2024-05-04,"09","quantile",0.4,28.1151578233551
2024-04-20,3,"wk inc flu hosp",2024-05-11,"09","quantile",0.4,23.7949803128826
2024-04-20,-1,"wk inc flu hosp",2024-04-13,"09","quantile",0.45,47.2116759887074
2024-04-20,0,"wk inc flu hosp",2024-04-20,"09","quantile",0.45,46.7556011986116
2024-04-20,1,"wk inc flu hosp",2024-04-27,"09","quantile",0.45,37.8451272513618
2024-04-20,2,"wk inc flu hosp",2024-05-04,"09","quantile",0.45,31.7155060645084
2024-04-20,3,"wk inc flu hosp",2024-05-11,"09","quantile",0.45,27.2819057938307
2024-04-20,-1,"wk inc flu hosp",2024-04-13,"09","quantile",0.5,50.6388503125087
2024-04-20,0,"wk inc flu hosp",2024-04-20,"09","quantile",0.5,50.0261792969875
2024-04-20,1,"wk inc flu hosp",2024-04-27,"09","quantile",0.5,41.7497695767216
2024-04-20,2,"wk inc flu hosp",2024-05-04,"09","quantile",0.5,35.6411829502412
2024-04-20,3,"wk inc flu hosp",2024-05-11,"09","quantile",0.5,31.2010449175395
2024-04-20,-1,"wk inc flu hosp",2024-04-13,"09","quantile",0.55,54.2673223647408
2024-04-20,0,"wk inc flu hosp",2024-04-20,"09","quantile",0.55,53.6613555520972
2024-04-20,1,"wk inc flu hosp",2024-04-27,"09","quantile",0.55,45.8126316789122
2024-04-20,2,"wk inc flu hosp",2024-05-04,"09","quantile",0.55,39.9273060855171
2024-04-20,3,"wk inc flu hosp",2024-05-11,"09","quantile",0.55,35.6303496102656
2024-04-20,-1,"wk inc flu hosp",2024-04-13,"09","quantile",0.6,58.2954363283009
2024-04-20,0,"wk inc flu hosp",2024-04-20,"09","quantile",0.6,57.7620684015996
2024-04-20,1,"wk inc flu hosp",2024-04-27,"09","quantile",0.6,50.8053119639274
2024-04-20,2,"wk inc flu hosp",2024-05-04,"09","quantile",0.6,44.9125705882193
2024-04-20,3,"wk inc flu hosp",2024-05-11,"09","quantile",0.6,40.757244782414
2024-04-20,-1,"wk inc flu hosp",2024-04-13,"09","quantile",0.65,62.7936698846159
2024-04-20,0,"wk inc flu hosp",2024-04-20,"09","quantile",0.65,62.3408428861802
2024-04-20,1,"wk inc flu hosp",2024-04-27,"09","quantile",0.65,56.2324661949643
2024-04-20,2,"wk inc flu hosp",2024-05-04,"09","quantile",0.65,50.9176446908943
2024-04-20,3,"wk inc flu hosp",2024-05-11,"09","quantile",0.65,46.6994453436465
2024-04-20,-1,"wk inc flu hosp",2024-04-13,"09","quantile",0.7,67.8265187400595
2024-04-20,0,"wk inc flu hosp",2024-04-20,"09","quantile",0.7,67.335993580069
2024-04-20,1,"wk inc flu hosp",2024-04-27,"09","quantile",0.7,62.86637996405
2024-04-20,2,"wk inc flu hosp",2024-05-04,"09","quantile",0.7,58.041988708182
2024-04-20,3,"wk inc flu hosp",2024-05-11,"09","quantile",0.7,54.494366749148
2024-04-20,-1,"wk inc flu hosp",2024-04-13,"09","quantile",0.75,73.8998873212087
2024-04-20,0,"wk inc flu hosp",2024-04-20,"09","quantile",0.75,73.1293861816025
2024-04-20,1,"wk inc flu hosp",2024-04-27,"09","quantile",0.75,70.7906378067988
2024-04-20,2,"wk inc flu hosp",2024-05-04,"09","quantile",0.75,67.1771542774315
2024-04-20,3,"wk inc flu hosp",2024-05-11,"09","quantile",0.75,64.2342234616702
2024-04-20,-1,"wk inc flu hosp",2024-04-13,"09","quantile",0.8,81.4754913809094
2024-04-20,0,"wk inc flu hosp",2024-04-20,"09","quantile",0.8,80.6048111221773
2024-04-20,1,"wk inc flu hosp",2024-04-27,"09","quantile",0.8,80.7431188812857
2024-04-20,2,"wk inc flu hosp",2024-05-04,"09","quantile",0.8,79.0872062543642
2024-04-20,3,"wk inc flu hosp",2024-05-11,"09","quantile",0.8,77.2926945787335
2024-04-20,-1,"wk inc flu hosp",2024-04-13,"09","quantile",0.85,90.8445418851632
2024-04-20,0,"wk inc flu hosp",2024-04-20,"09","quantile",0.85,89.6699506869682
2024-04-20,1,"wk inc flu hosp",2024-04-27,"09","quantile",0.85,94.7680228180957
2024-04-20,2,"wk inc flu hosp",2024-05-04,"09","quantile",0.85,95.3548235564913
2024-04-20,3,"wk inc flu hosp",2024-05-11,"09","quantile",0.85,95.8912454508659
2024-04-20,-1,"wk inc flu hosp",2024-04-13,"09","quantile",0.9,104.138671389297
2024-04-20,0,"wk inc flu hosp",2024-04-20,"09","quantile",0.9,103.039373660685
2024-04-20,1,"wk inc flu hosp",2024-04-27,"09","quantile",0.9,115.618632078384
2024-04-20,2,"wk inc flu hosp",2024-05-04,"09","quantile",0.9,120.956911230631
2024-04-20,3,"wk inc flu hosp",2024-05-11,"09","quantile",0.9,126.234920738548
2024-04-20,-1,"wk inc flu hosp",2024-04-13,"09","quantile",0.95,127.648966404166
2024-04-20,0,"wk inc flu hosp",2024-04-20,"09","quantile",0.95,126.085390668259
2024-04-20,1,"wk inc flu hosp",2024-04-27,"09","quantile",0.95,153.786544608072
2024-04-20,2,"wk inc flu hosp",2024-05-04,"09","quantile",0.95,174.777657391472
2024-04-20,3,"wk inc flu hosp",2024-05-11,"09","quantile",0.95,192.850189326633
2024-04-20,-1,"wk inc flu hosp",2024-04-13,"09","quantile",0.975,152.389219856214
2024-04-20,0,"wk inc flu hosp",2024-04-20,"09","quantile",0.975,150.212044046196
2024-04-20,1,"wk inc flu hosp",2024-04-27,"09","quantile",0.975,199.397822417071
2024-04-20,2,"wk inc flu hosp",2024-05-04,"09","quantile",0.975,243.512502642102
2024-04-20,3,"wk inc flu hosp",2024-05-11,"09","quantile",0.975,278.681170121865
2024-04-20,-1,"wk inc flu hosp",2024-04-13,"09","quantile",0.99,188.879669665924
2024-04-20,0,"wk inc flu hosp",2024-04-20,"09","quantile",0.99,184.227178006508
2024-04-20,1,"wk inc flu hosp",2024-04-27,"09","quantile",0.99,271.626871190412
2024-04-20,2,"wk inc flu hosp",2024-05-04,"09","quantile",0.99,348.079254370655
2024-04-20,3,"wk inc flu hosp",2024-05-11,"09","quantile",0.99,439.139078574853
2024-04-20,-1,"wk inc flu hosp",2024-04-13,"10","quantile",0.01,0.488905083269173
2024-04-20,0,"wk inc flu hosp",2024-04-20,"10","quantile",0.01,0.472215864414138
2024-04-20,1,"wk inc flu hosp",2024-04-27,"10","quantile",0.01,0
2024-04-20,2,"wk inc flu hosp",2024-05-04,"10","quantile",0.01,0
2024-04-20,3,"wk inc flu hosp",2024-05-11,"10","quantile",0.01,0
2024-04-20,-1,"wk inc flu hosp",2024-04-13,"10","quantile",0.025,0.9061220628441
2024-04-20,0,"wk inc flu hosp",2024-04-20,"10","quantile",0.025,0.877208378912268
2024-04-20,1,"wk inc flu hosp",2024-04-27,"10","quantile",0.025,0.103572293388213
2024-04-20,2,"wk inc flu hosp",2024-05-04,"10","quantile",0.025,0
2024-04-20,3,"wk inc flu hosp",2024-05-11,"10","quantile",0.025,0
2024-04-20,-1,"wk inc flu hosp",2024-04-13,"10","quantile",0.05,1.39001671288038
2024-04-20,0,"wk inc flu hosp",2024-04-20,"10","quantile",0.05,1.30333178124789
2024-04-20,1,"wk inc flu hosp",2024-04-27,"10","quantile",0.05,0.455105673152442
2024-04-20,2,"wk inc flu hosp",2024-05-04,"10","quantile",0.05,0.049117580747843
2024-04-20,3,"wk inc flu hosp",2024-05-11,"10","quantile",0.05,0
2024-04-20,-1,"wk inc flu hosp",2024-04-13,"10","quantile",0.1,2.04826598925307
2024-04-20,0,"wk inc flu hosp",2024-04-20,"10","quantile",0.1,1.95624547760075
2024-04-20,1,"wk inc flu hosp",2024-04-27,"10","quantile",0.1,1.0059470250652
2024-04-20,2,"wk inc flu hosp",2024-05-04,"10","quantile",0.1,0.525389131821774
2024-04-20,3,"wk inc flu hosp",2024-05-11,"10","quantile",0.1,0.228667068880005
2024-04-20,-1,"wk inc flu hosp",2024-04-13,"10","quantile",0.15,2.58189560759194
2024-04-20,0,"wk inc flu hosp",2024-04-20,"10","quantile",0.15,2.50084643221233
2024-04-20,1,"wk inc flu hosp",2024-04-27,"10","quantile",0.15,1.50416185802212
2024-04-20,2,"wk inc flu hosp",2024-05-04,"10","quantile",0.15,0.967706010268313
2024-04-20,3,"wk inc flu hosp",2024-05-11,"10","quantile",0.15,0.639223235467798
2024-04-20,-1,"wk inc flu hosp",2024-04-13,"10","quantile",0.2,3.06730768525826
2024-04-20,0,"wk inc flu hosp",2024-04-20,"10","quantile",0.2,2.99158575151222
2024-04-20,1,"wk inc flu hosp",2024-04-27,"10","quantile",0.2,1.97318775776012
2024-04-20,2,"wk inc flu hosp",2024-05-04,"10","quantile",0.2,1.39923874846964
2024-04-20,3,"wk inc flu hosp",2024-05-11,"10","quantile",0.2,1.04535063282058
2024-04-20,-1,"wk inc flu hosp",2024-04-13,"10","quantile",0.25,3.53420699452568
2024-04-20,0,"wk inc flu hosp",2024-04-20,"10","quantile",0.25,3.46380786381178
2024-04-20,1,"wk inc flu hosp",2024-04-27,"10","quantile",0.25,2.45995975383526
2024-04-20,2,"wk inc flu hosp",2024-05-04,"10","quantile",0.25,1.84720970206246
2024-04-20,3,"wk inc flu hosp",2024-05-11,"10","quantile",0.25,1.45823087623498
2024-04-20,-1,"wk inc flu hosp",2024-04-13,"10","quantile",0.3,4.00562219808904
2024-04-20,0,"wk inc flu hosp",2024-04-20,"10","quantile",0.3,3.93478509578174
2024-04-20,1,"wk inc flu hosp",2024-04-27,"10","quantile",0.3,2.964760286638
2024-04-20,2,"wk inc flu hosp",2024-05-04,"10","quantile",0.3,2.31862822055871
2024-04-20,3,"wk inc flu hosp",2024-05-11,"10","quantile",0.3,1.90172612287307
2024-04-20,-1,"wk inc flu hosp",2024-04-13,"10","quantile",0.35,4.50115988566371
2024-04-20,0,"wk inc flu hosp",2024-04-20,"10","quantile",0.35,4.42291526357152
2024-04-20,1,"wk inc flu hosp",2024-04-27,"10","quantile",0.35,3.47945477224427
2024-04-20,2,"wk inc flu hosp",2024-05-04,"10","quantile",0.35,2.85058515414225
2024-04-20,3,"wk inc flu hosp",2024-05-11,"10","quantile",0.35,2.39716469151891
2024-04-20,-1,"wk inc flu hosp",2024-04-13,"10","quantile",0.4,5.01106502255586
2024-04-20,0,"wk inc flu hosp",2024-04-20,"10","quantile",0.4,4.92945607101188
2024-04-20,1,"wk inc flu hosp",2024-04-27,"10","quantile",0.4,4.06143308672171
2024-04-20,2,"wk inc flu hosp",2024-05-04,"10","quantile",0.4,3.41667353884961
2024-04-20,3,"wk inc flu hosp",2024-05-11,"10","quantile",0.4,2.95162950348431
2024-04-20,-1,"wk inc flu hosp",2024-04-13,"10","quantile",0.45,5.54243802485595
2024-04-20,0,"wk inc flu hosp",2024-04-20,"10","quantile",0.45,5.4609150207512
2024-04-20,1,"wk inc flu hosp",2024-04-27,"10","quantile",0.45,4.65164933024006
2024-04-20,2,"wk inc flu hosp",2024-05-04,"10","quantile",0.45,4.02910455987151
2024-04-20,3,"wk inc flu hosp",2024-05-11,"10","quantile",0.45,3.56816447191577
2024-04-20,-1,"wk inc flu hosp",2024-04-13,"10","quantile",0.5,6.10145563009859
2024-04-20,0,"wk inc flu hosp",2024-04-20,"10","quantile",0.5,6.01760001673741
2024-04-20,1,"wk inc flu hosp",2024-04-27,"10","quantile",0.5,5.33572074793388
2024-04-20,2,"wk inc flu hosp",2024-05-04,"10","quantile",0.5,4.73360591830775
2024-04-20,3,"wk inc flu hosp",2024-05-11,"10","quantile",0.5,4.29640742954455
2024-04-20,-1,"wk inc flu hosp",2024-04-13,"10","quantile",0.55,6.72452548889764
2024-04-20,0,"wk inc flu hosp",2024-04-20,"10","quantile",0.55,6.62206424201627
2024-04-20,1,"wk inc flu hosp",2024-04-27,"10","quantile",0.55,6.0938837306546
2024-04-20,2,"wk inc flu hosp",2024-05-04,"10","quantile",0.55,5.53556887856713
2024-04-20,3,"wk inc flu hosp",2024-05-11,"10","quantile",0.55,5.10103135864445
2024-04-20,-1,"wk inc flu hosp",2024-04-13,"10","quantile",0.6,7.40992162699897
2024-04-20,0,"wk inc flu hosp",2024-04-20,"10","quantile",0.6,7.30688151166622
2024-04-20,1,"wk inc flu hosp",2024-04-27,"10","quantile",0.6,6.96983852253726
2024-04-20,2,"wk inc flu hosp",2024-05-04,"10","quantile",0.6,6.43453376523143
2024-04-20,3,"wk inc flu hosp",2024-05-11,"10","quantile",0.6,6.081016690826
2024-04-20,-1,"wk inc flu hosp",2024-04-13,"10","quantile",0.65,8.18113715380454
2024-04-20,0,"wk inc flu hosp",2024-04-20,"10","quantile",0.65,8.0553466353879
2024-04-20,1,"wk inc flu hosp",2024-04-27,"10","quantile",0.65,7.92642680965585
2024-04-20,2,"wk inc flu hosp",2024-05-04,"10","quantile",0.65,7.54100751002392
2024-04-20,3,"wk inc flu hosp",2024-05-11,"10","quantile",0.65,7.27540182332741
2024-04-20,-1,"wk inc flu hosp",2024-04-13,"10","quantile",0.7,9.0568876654278
2024-04-20,0,"wk inc flu hosp",2024-04-20,"10","quantile",0.7,8.94749766900366
2024-04-20,1,"wk inc flu hosp",2024-04-27,"10","quantile",0.7,9.1742716342673
2024-04-20,2,"wk inc flu hosp",2024-05-04,"10","quantile",0.7,8.88492482397017
2024-04-20,3,"wk inc flu hosp",2024-05-11,"10","quantile",0.7,8.74116596648129
2024-04-20,-1,"wk inc flu hosp",2024-04-13,"10","quantile",0.75,10.0675083440318
2024-04-20,0,"wk inc flu hosp",2024-04-20,"10","quantile",0.75,9.9441469944777
2024-04-20,1,"wk inc flu hosp",2024-04-27,"10","quantile",0.75,10.6168462308596
2024-04-20,2,"wk inc flu hosp",2024-05-04,"10","quantile",0.75,10.6632777682661
2024-04-20,3,"wk inc flu hosp",2024-05-11,"10","quantile",0.75,10.653493340613
2024-04-20,-1,"wk inc flu hosp",2024-04-13,"10","quantile",0.8,11.3530231674911
2024-04-20,0,"wk inc flu hosp",2024-04-20,"10","quantile",0.8,11.2318791252415
2024-04-20,1,"wk inc flu hosp",2024-04-27,"10","quantile",0.8,12.5326366759795
2024-04-20,2,"wk inc flu hosp",2024-05-04,"10","quantile",0.8,13.0078394630814
2024-04-20,3,"wk inc flu hosp",2024-05-11,"10","quantile",0.8,13.2190685478396
2024-04-20,-1,"wk inc flu hosp",2024-04-13,"10","quantile",0.85,13.1480665120121
2024-04-20,0,"wk inc flu hosp",2024-04-20,"10","quantile",0.85,12.9267355043184
2024-04-20,1,"wk inc flu hosp",2024-04-27,"10","quantile",0.85,15.1206598008656
2024-04-20,2,"wk inc flu hosp",2024-05-04,"10","quantile",0.85,16.2775943328871
2024-04-20,3,"wk inc flu hosp",2024-05-11,"10","quantile",0.85,17.0455933326403
2024-04-20,-1,"wk inc flu hosp",2024-04-13,"10","quantile",0.9,15.5997442803305
2024-04-20,0,"wk inc flu hosp",2024-04-20,"10","quantile",0.9,15.4161896419797
2024-04-20,1,"wk inc flu hosp",2024-04-27,"10","quantile",0.9,19.1676899674888
2024-04-20,2,"wk inc flu hosp",2024-05-04,"10","quantile",0.9,21.4730602087047
2024-04-20,3,"wk inc flu hosp",2024-05-11,"10","quantile",0.9,23.1201861469852
2024-04-20,-1,"wk inc flu hosp",2024-04-13,"10","quantile",0.95,20.237597800126
2024-04-20,0,"wk inc flu hosp",2024-04-20,"10","quantile",0.95,20.0573217289152
2024-04-20,1,"wk inc flu hosp",2024-04-27,"10","quantile",0.95,27.058562652553
2024-04-20,2,"wk inc flu hosp",2024-05-04,"10","quantile",0.95,32.318014602642
2024-04-20,3,"wk inc flu hosp",2024-05-11,"10","quantile",0.95,37.1146588509528
2024-04-20,-1,"wk inc flu hosp",2024-04-13,"10","quantile",0.975,25.5298848516255
2024-04-20,0,"wk inc flu hosp",2024-04-20,"10","quantile",0.975,25.1494557643825
2024-04-20,1,"wk inc flu hosp",2024-04-27,"10","quantile",0.975,36.9142120064817
2024-04-20,2,"wk inc flu hosp",2024-05-04,"10","quantile",0.975,46.8266353882518
2024-04-20,3,"wk inc flu hosp",2024-05-11,"10","quantile",0.975,56.234760704878
2024-04-20,-1,"wk inc flu hosp",2024-04-13,"10","quantile",0.99,33.0940339936419
2024-04-20,0,"wk inc flu hosp",2024-04-20,"10","quantile",0.99,32.4194293615486
2024-04-20,1,"wk inc flu hosp",2024-04-27,"10","quantile",0.99,52.3889042132154
2024-04-20,2,"wk inc flu hosp",2024-05-04,"10","quantile",0.99,69.3086255323444
2024-04-20,3,"wk inc flu hosp",2024-05-11,"10","quantile",0.99,90.5964995084047
2024-04-20,-1,"wk inc flu hosp",2024-04-13,"11","quantile",0.01,2.68970092950396
2024-04-20,0,"wk inc flu hosp",2024-04-20,"11","quantile",0.01,2.61162454927935
2024-04-20,1,"wk inc flu hosp",2024-04-27,"11","quantile",0.01,0.808893914625411
2024-04-20,2,"wk inc flu hosp",2024-05-04,"11","quantile",0.01,0.115838600593437
2024-04-20,3,"wk inc flu hosp",2024-05-11,"11","quantile",0.01,0
2024-04-20,-1,"wk inc flu hosp",2024-04-13,"11","quantile",0.025,3.48345422343801
2024-04-20,0,"wk inc flu hosp",2024-04-20,"11","quantile",0.025,3.46035531954589
2024-04-20,1,"wk inc flu hosp",2024-04-27,"11","quantile",0.025,1.37301628205704
2024-04-20,2,"wk inc flu hosp",2024-05-04,"11","quantile",0.025,0.567154206200025
2024-04-20,3,"wk inc flu hosp",2024-05-11,"11","quantile",0.025,0.155845252166635
2024-04-20,-1,"wk inc flu hosp",2024-04-13,"11","quantile",0.05,4.34745907034977
2024-04-20,0,"wk inc flu hosp",2024-04-20,"11","quantile",0.05,4.31548748659281
2024-04-20,1,"wk inc flu hosp",2024-04-27,"11","quantile",0.05,2.01676999753545
2024-04-20,2,"wk inc flu hosp",2024-05-04,"11","quantile",0.05,1.04449650635556
2024-04-20,3,"wk inc flu hosp",2024-05-11,"11","quantile",0.05,0.537256795321019
2024-04-20,-1,"wk inc flu hosp",2024-04-13,"11","quantile",0.1,5.5512776986393
2024-04-20,0,"wk inc flu hosp",2024-04-20,"11","quantile",0.1,5.49440789741253
2024-04-20,1,"wk inc flu hosp",2024-04-27,"11","quantile",0.1,2.94941244423716
2024-04-20,2,"wk inc flu hosp",2024-05-04,"11","quantile",0.1,1.79613190230962
2024-04-20,3,"wk inc flu hosp",2024-05-11,"11","quantile",0.1,1.15824010132358
2024-04-20,-1,"wk inc flu hosp",2024-04-13,"11","quantile",0.15,6.53718291085781
2024-04-20,0,"wk inc flu hosp",2024-04-20,"11","quantile",0.15,6.43925205032805
2024-04-20,1,"wk inc flu hosp",2024-04-27,"11","quantile",0.15,3.76719924868466
2024-04-20,2,"wk inc flu hosp",2024-05-04,"11","quantile",0.15,2.48202612701835
2024-04-20,3,"wk inc flu hosp",2024-05-11,"11","quantile",0.15,1.7509251444375
2024-04-20,-1,"wk inc flu hosp",2024-04-13,"11","quantile",0.2,7.4239869362627
2024-04-20,0,"wk inc flu hosp",2024-04-20,"11","quantile",0.2,7.33728580151188
2024-04-20,1,"wk inc flu hosp",2024-04-27,"11","quantile",0.2,4.53329669174451
2024-04-20,2,"wk inc flu hosp",2024-05-04,"11","quantile",0.2,3.14077789239522
2024-04-20,3,"wk inc flu hosp",2024-05-11,"11","quantile",0.2,2.33924340645767
2024-04-20,-1,"wk inc flu hosp",2024-04-13,"11","quantile",0.25,8.23523951280663
2024-04-20,0,"wk inc flu hosp",2024-04-20,"11","quantile",0.25,8.19797409099729
2024-04-20,1,"wk inc flu hosp",2024-04-27,"11","quantile",0.25,5.28711616793582
2024-04-20,2,"wk inc flu hosp",2024-05-04,"11","quantile",0.25,3.79934598261201
2024-04-20,3,"wk inc flu hosp",2024-05-11,"11","quantile",0.25,2.92036535586976
2024-04-20,-1,"wk inc flu hosp",2024-04-13,"11","quantile",0.3,9.0587821806939
2024-04-20,0,"wk inc flu hosp",2024-04-20,"11","quantile",0.3,9.01071250221948
2024-04-20,1,"wk inc flu hosp",2024-04-27,"11","quantile",0.3,6.05148370559506
2024-04-20,2,"wk inc flu hosp",2024-05-04,"11","quantile",0.3,4.49436686550915
2024-04-20,3,"wk inc flu hosp",2024-05-11,"11","quantile",0.3,3.556667155387
2024-04-20,-1,"wk inc flu hosp",2024-04-13,"11","quantile",0.35,9.85029828883541
2024-04-20,0,"wk inc flu hosp",2024-04-20,"11","quantile",0.35,9.84732007211374
2024-04-20,1,"wk inc flu hosp",2024-04-27,"11","quantile",0.35,6.84047286372804
2024-04-20,2,"wk inc flu hosp",2024-05-04,"11","quantile",0.35,5.2313358378821
2024-04-20,3,"wk inc flu hosp",2024-05-11,"11","quantile",0.35,4.22892847268923
2024-04-20,-1,"wk inc flu hosp",2024-04-13,"11","quantile",0.4,10.6857626126493
2024-04-20,0,"wk inc flu hosp",2024-04-20,"11","quantile",0.4,10.6855471818382
2024-04-20,1,"wk inc flu hosp",2024-04-27,"11","quantile",0.4,7.69175893879693
2024-04-20,2,"wk inc flu hosp",2024-05-04,"11","quantile",0.4,6.01622198635777
2024-04-20,3,"wk inc flu hosp",2024-05-11,"11","quantile",0.4,4.93273690622526
2024-04-20,-1,"wk inc flu hosp",2024-04-13,"11","quantile",0.45,11.5428028547635
2024-04-20,0,"wk inc flu hosp",2024-04-20,"11","quantile",0.45,11.5449860905625
2024-04-20,1,"wk inc flu hosp",2024-04-27,"11","quantile",0.45,8.59591046413905
2024-04-20,2,"wk inc flu hosp",2024-05-04,"11","quantile",0.45,6.87440896783397
2024-04-20,3,"wk inc flu hosp",2024-05-11,"11","quantile",0.45,5.7621513185883
2024-04-20,-1,"wk inc flu hosp",2024-04-13,"11","quantile",0.5,12.4293230408465
2024-04-20,0,"wk inc flu hosp",2024-04-20,"11","quantile",0.5,12.4753724473275
2024-04-20,1,"wk inc flu hosp",2024-04-27,"11","quantile",0.5,9.55751428661271
2024-04-20,2,"wk inc flu hosp",2024-05-04,"11","quantile",0.5,7.79919283669587
2024-04-20,3,"wk inc flu hosp",2024-05-11,"11","quantile",0.5,6.69393286800685
2024-04-20,-1,"wk inc flu hosp",2024-04-13,"11","quantile",0.55,13.4056634552104
2024-04-20,0,"wk inc flu hosp",2024-04-20,"11","quantile",0.55,13.4375818192872
2024-04-20,1,"wk inc flu hosp",2024-04-27,"11","quantile",0.55,10.6458416222525
2024-04-20,2,"wk inc flu hosp",2024-05-04,"11","quantile",0.55,8.87472810209172
2024-04-20,3,"wk inc flu hosp",2024-05-11,"11","quantile",0.55,7.77920291879255
2024-04-20,-1,"wk inc flu hosp",2024-04-13,"11","quantile",0.6,14.4903247055558
2024-04-20,0,"wk inc flu hosp",2024-04-20,"11","quantile",0.6,14.4753102560668
2024-04-20,1,"wk inc flu hosp",2024-04-27,"11","quantile",0.6,11.8824897383141
2024-04-20,2,"wk inc flu hosp",2024-05-04,"11","quantile",0.6,10.0848814657223
2024-04-20,3,"wk inc flu hosp",2024-05-11,"11","quantile",0.6,9.04795292032264
2024-04-20,-1,"wk inc flu hosp",2024-04-13,"11","quantile",0.65,15.6659359406255
2024-04-20,0,"wk inc flu hosp",2024-04-20,"11","quantile",0.65,15.6782219484045
2024-04-20,1,"wk inc flu hosp",2024-04-27,"11","quantile",0.65,13.2054910642328
2024-04-20,2,"wk inc flu hosp",2024-05-04,"11","quantile",0.65,11.5418304286844
2024-04-20,3,"wk inc flu hosp",2024-05-11,"11","quantile",0.65,10.5319969373617
2024-04-20,-1,"wk inc flu hosp",2024-04-13,"11","quantile",0.7,17.0425575815711
2024-04-20,0,"wk inc flu hosp",2024-04-20,"11","quantile",0.7,17.0555171545682
2024-04-20,1,"wk inc flu hosp",2024-04-27,"11","quantile",0.7,14.7872325169223
2024-04-20,2,"wk inc flu hosp",2024-05-04,"11","quantile",0.7,13.2766846057469
2024-04-20,3,"wk inc flu hosp",2024-05-11,"11","quantile",0.7,12.3325956336439
2024-04-20,-1,"wk inc flu hosp",2024-04-13,"11","quantile",0.75,18.6458409265533
2024-04-20,0,"wk inc flu hosp",2024-04-20,"11","quantile",0.75,18.6220946854533
2024-04-20,1,"wk inc flu hosp",2024-04-27,"11","quantile",0.75,16.8062420462226
2024-04-20,2,"wk inc flu hosp",2024-05-04,"11","quantile",0.75,15.4757318855085
2024-04-20,3,"wk inc flu hosp",2024-05-11,"11","quantile",0.75,14.6670537309398
2024-04-20,-1,"wk inc flu hosp",2024-04-13,"11","quantile",0.8,20.5031703471004
2024-04-20,0,"wk inc flu hosp",2024-04-20,"11","quantile",0.8,20.5478242604339
2024-04-20,1,"wk inc flu hosp",2024-04-27,"11","quantile",0.8,19.2762136064101
2024-04-20,2,"wk inc flu hosp",2024-05-04,"11","quantile",0.8,18.3094687434095
2024-04-20,3,"wk inc flu hosp",2024-05-11,"11","quantile",0.8,17.7280353348411
2024-04-20,-1,"wk inc flu hosp",2024-04-13,"11","quantile",0.85,22.9411663555583
2024-04-20,0,"wk inc flu hosp",2024-04-20,"11","quantile",0.85,23.0311876415508
2024-04-20,1,"wk inc flu hosp",2024-04-27,"11","quantile",0.85,22.7655262012305
2024-04-20,2,"wk inc flu hosp",2024-05-04,"11","quantile",0.85,22.3580077203253
2024-04-20,3,"wk inc flu hosp",2024-05-11,"11","quantile",0.85,22.2474049046276
2024-04-20,-1,"wk inc flu hosp",2024-04-13,"11","quantile",0.9,26.4396156085712
2024-04-20,0,"wk inc flu hosp",2024-04-20,"11","quantile",0.9,26.6409161434721
2024-04-20,1,"wk inc flu hosp",2024-04-27,"11","quantile",0.9,28.1022466935869
2024-04-20,2,"wk inc flu hosp",2024-05-04,"11","quantile",0.9,28.5563347780697
2024-04-20,3,"wk inc flu hosp",2024-05-11,"11","quantile",0.9,29.6234615068898
2024-04-20,-1,"wk inc flu hosp",2024-04-13,"11","quantile",0.95,32.7751724483545
2024-04-20,0,"wk inc flu hosp",2024-04-20,"11","quantile",0.95,33.0123135889997
2024-04-20,1,"wk inc flu hosp",2024-04-27,"11","quantile",0.95,37.7813013728202
2024-04-20,2,"wk inc flu hosp",2024-05-04,"11","quantile",0.95,41.2097775208843
2024-04-20,3,"wk inc flu hosp",2024-05-11,"11","quantile",0.95,45.564535631184
2024-04-20,-1,"wk inc flu hosp",2024-04-13,"11","quantile",0.975,39.6935150277594
2024-04-20,0,"wk inc flu hosp",2024-04-20,"11","quantile",0.975,39.5213931503576
2024-04-20,1,"wk inc flu hosp",2024-04-27,"11","quantile",0.975,48.869218566979
2024-04-20,2,"wk inc flu hosp",2024-05-04,"11","quantile",0.975,57.596963480395
2024-04-20,3,"wk inc flu hosp",2024-05-11,"11","quantile",0.975,66.9277724735512
2024-04-20,-1,"wk inc flu hosp",2024-04-13,"11","quantile",0.99,49.2436424505611
2024-04-20,0,"wk inc flu hosp",2024-04-20,"11","quantile",0.99,49.0800937243737
2024-04-20,1,"wk inc flu hosp",2024-04-27,"11","quantile",0.99,66.8545506441427
2024-04-20,2,"wk inc flu hosp",2024-05-04,"11","quantile",0.99,85.4545077710397
2024-04-20,3,"wk inc flu hosp",2024-05-11,"11","quantile",0.99,110.126080755933
2024-04-20,-1,"wk inc flu hosp",2024-04-13,"13","quantile",0.01,19.4360584610868
2024-04-20,0,"wk inc flu hosp",2024-04-20,"13","quantile",0.01,19.642204292406
2024-04-20,1,"wk inc flu hosp",2024-04-27,"13","quantile",0.01,13.7168799411826
2024-04-20,2,"wk inc flu hosp",2024-05-04,"13","quantile",0.01,11.4560976589816
2024-04-20,3,"wk inc flu hosp",2024-05-11,"13","quantile",0.01,10.6656554183614
2024-04-20,-1,"wk inc flu hosp",2024-04-13,"13","quantile",0.025,23.0092153886899
2024-04-20,0,"wk inc flu hosp",2024-04-20,"13","quantile",0.025,22.9960504996279
2024-04-20,1,"wk inc flu hosp",2024-04-27,"13","quantile",0.025,16.8183327828151
2024-04-20,2,"wk inc flu hosp",2024-05-04,"13","quantile",0.025,14.382439365401
2024-04-20,3,"wk inc flu hosp",2024-05-11,"13","quantile",0.025,13.474977827129
2024-04-20,-1,"wk inc flu hosp",2024-04-13,"13","quantile",0.05,26.3133850549553
2024-04-20,0,"wk inc flu hosp",2024-04-20,"13","quantile",0.05,26.181543396317
2024-04-20,1,"wk inc flu hosp",2024-04-27,"13","quantile",0.05,19.9170020750774
2024-04-20,2,"wk inc flu hosp",2024-05-04,"13","quantile",0.05,17.4015265761773
2024-04-20,3,"wk inc flu hosp",2024-05-11,"13","quantile",0.05,16.482049071481
2024-04-20,-1,"wk inc flu hosp",2024-04-13,"13","quantile",0.1,30.5915191323787
2024-04-20,0,"wk inc flu hosp",2024-04-20,"13","quantile",0.1,30.5187527214822
2024-04-20,1,"wk inc flu hosp",2024-04-27,"13","quantile",0.1,24.2929784411689
2024-04-20,2,"wk inc flu hosp",2024-05-04,"13","quantile",0.1,21.8150383290023
2024-04-20,3,"wk inc flu hosp",2024-05-11,"13","quantile",0.1,21.0360571706057
2024-04-20,-1,"wk inc flu hosp",2024-04-13,"13","quantile",0.15,33.8875249404228
2024-04-20,0,"wk inc flu hosp",2024-04-20,"13","quantile",0.15,33.7976992846698
2024-04-20,1,"wk inc flu hosp",2024-04-27,"13","quantile",0.15,27.8983885883842
2024-04-20,2,"wk inc flu hosp",2024-05-04,"13","quantile",0.15,25.4062124804671
2024-04-20,3,"wk inc flu hosp",2024-05-11,"13","quantile",0.15,24.6989512578347
2024-04-20,-1,"wk inc flu hosp",2024-04-13,"13","quantile",0.2,36.8025475893285
2024-04-20,0,"wk inc flu hosp",2024-04-20,"13","quantile",0.2,36.6442261832128
2024-04-20,1,"wk inc flu hosp",2024-04-27,"13","quantile",0.2,31.1319606231305
2024-04-20,2,"wk inc flu hosp",2024-05-04,"13","quantile",0.2,28.6226733744758
2024-04-20,3,"wk inc flu hosp",2024-05-11,"13","quantile",0.2,28.1359831281086
2024-04-20,-1,"wk inc flu hosp",2024-04-13,"13","quantile",0.25,39.4349207909248
2024-04-20,0,"wk inc flu hosp",2024-04-20,"13","quantile",0.25,39.2591049141222
2024-04-20,1,"wk inc flu hosp",2024-04-27,"13","quantile",0.25,34.0886351882493
2024-04-20,2,"wk inc flu hosp",2024-05-04,"13","quantile",0.25,31.7287691005243
2024-04-20,3,"wk inc flu hosp",2024-05-11,"13","quantile",0.25,31.4177660454496
2024-04-20,-1,"wk inc flu hosp",2024-04-13,"13","quantile",0.3,41.9160368855498
2024-04-20,0,"wk inc flu hosp",2024-04-20,"13","quantile",0.3,41.8354469929555
2024-04-20,1,"wk inc flu hosp",2024-04-27,"13","quantile",0.3,36.8976411080149
2024-04-20,2,"wk inc flu hosp",2024-05-04,"13","quantile",0.3,34.9491180900723
2024-04-20,3,"wk inc flu hosp",2024-05-11,"13","quantile",0.3,34.7129243551509
2024-04-20,-1,"wk inc flu hosp",2024-04-13,"13","quantile",0.35,44.3469669205501
2024-04-20,0,"wk inc flu hosp",2024-04-20,"13","quantile",0.35,44.2863934016112
2024-04-20,1,"wk inc flu hosp",2024-04-27,"13","quantile",0.35,39.8502012638577
2024-04-20,2,"wk inc flu hosp",2024-05-04,"13","quantile",0.35,38.1195836525117
2024-04-20,3,"wk inc flu hosp",2024-05-11,"13","quantile",0.35,38.1788061228661
2024-04-20,-1,"wk inc flu hosp",2024-04-13,"13","quantile",0.4,46.7420206919119
2024-04-20,0,"wk inc flu hosp",2024-04-20,"13","quantile",0.4,46.7593823246385
2024-04-20,1,"wk inc flu hosp",2024-04-27,"13","quantile",0.4,42.8956594680063
2024-04-20,2,"wk inc flu hosp",2024-05-04,"13","quantile",0.4,41.44650406578
2024-04-20,3,"wk inc flu hosp",2024-05-11,"13","quantile",0.4,41.711510873659
2024-04-20,-1,"wk inc flu hosp",2024-04-13,"13","quantile",0.45,49.2611346815641
2024-04-20,0,"wk inc flu hosp",2024-04-20,"13","quantile",0.45,49.3544956775805
2024-04-20,1,"wk inc flu hosp",2024-04-27,"13","quantile",0.45,46.0204656312645
2024-04-20,2,"wk inc flu hosp",2024-05-04,"13","quantile",0.45,45.0325594145032
2024-04-20,3,"wk inc flu hosp",2024-05-11,"13","quantile",0.45,45.5169875960945
2024-04-20,-1,"wk inc flu hosp",2024-04-13,"13","quantile",0.5,51.947310605136
2024-04-20,0,"wk inc flu hosp",2024-04-20,"13","quantile",0.5,51.939665306853
2024-04-20,1,"wk inc flu hosp",2024-04-27,"13","quantile",0.5,49.2675168889777
2024-04-20,2,"wk inc flu hosp",2024-05-04,"13","quantile",0.5,48.8765548658914
2024-04-20,3,"wk inc flu hosp",2024-05-11,"13","quantile",0.5,49.4957987863899
2024-04-20,-1,"wk inc flu hosp",2024-04-13,"13","quantile",0.55,54.7168942868554
2024-04-20,0,"wk inc flu hosp",2024-04-20,"13","quantile",0.55,54.8003068885925
2024-04-20,1,"wk inc flu hosp",2024-04-27,"13","quantile",0.55,52.8181066632965
2024-04-20,2,"wk inc flu hosp",2024-05-04,"13","quantile",0.55,52.9759344909305
2024-04-20,3,"wk inc flu hosp",2024-05-11,"13","quantile",0.55,53.9019774349568
2024-04-20,-1,"wk inc flu hosp",2024-04-13,"13","quantile",0.6,57.6284744539386
2024-04-20,0,"wk inc flu hosp",2024-04-20,"13","quantile",0.6,57.7773761691163
2024-04-20,1,"wk inc flu hosp",2024-04-27,"13","quantile",0.6,56.6434013586478
2024-04-20,2,"wk inc flu hosp",2024-05-04,"13","quantile",0.6,57.5182767733068
2024-04-20,3,"wk inc flu hosp",2024-05-11,"13","quantile",0.6,58.8868192407288
2024-04-20,-1,"wk inc flu hosp",2024-04-13,"13","quantile",0.65,60.8324341482881
2024-04-20,0,"wk inc flu hosp",2024-04-20,"13","quantile",0.65,60.9714412744945
2024-04-20,1,"wk inc flu hosp",2024-04-27,"13","quantile",0.65,61.0329218527805
2024-04-20,2,"wk inc flu hosp",2024-05-04,"13","quantile",0.65,62.4435442077614
2024-04-20,3,"wk inc flu hosp",2024-05-11,"13","quantile",0.65,64.7141372880083
2024-04-20,-1,"wk inc flu hosp",2024-04-13,"13","quantile",0.7,64.3177862003495
2024-04-20,0,"wk inc flu hosp",2024-04-20,"13","quantile",0.7,64.5581631276366
2024-04-20,1,"wk inc flu hosp",2024-04-27,"13","quantile",0.7,65.9099902759542
2024-04-20,2,"wk inc flu hosp",2024-05-04,"13","quantile",0.7,68.0890248076588
2024-04-20,3,"wk inc flu hosp",2024-05-11,"13","quantile",0.7,71.1935485592178
2024-04-20,-1,"wk inc flu hosp",2024-04-13,"13","quantile",0.75,68.4452797653007
2024-04-20,0,"wk inc flu hosp",2024-04-20,"13","quantile",0.75,68.4615618255838
2024-04-20,1,"wk inc flu hosp",2024-04-27,"13","quantile",0.75,71.7100759750288
2024-04-20,2,"wk inc flu hosp",2024-05-04,"13","quantile",0.75,75.03137303522
2024-04-20,3,"wk inc flu hosp",2024-05-11,"13","quantile",0.75,79.1262143080233
2024-04-20,-1,"wk inc flu hosp",2024-04-13,"13","quantile",0.8,73.4931733113925
2024-04-20,0,"wk inc flu hosp",2024-04-20,"13","quantile",0.8,73.3971714089693
2024-04-20,1,"wk inc flu hosp",2024-04-27,"13","quantile",0.8,78.8152617931358
2024-04-20,2,"wk inc flu hosp",2024-05-04,"13","quantile",0.8,83.7953016145508
2024-04-20,3,"wk inc flu hosp",2024-05-11,"13","quantile",0.8,89.289284410808
2024-04-20,-1,"wk inc flu hosp",2024-04-13,"13","quantile",0.85,79.6329680485494
2024-04-20,0,"wk inc flu hosp",2024-04-20,"13","quantile",0.85,79.3835077249886
2024-04-20,1,"wk inc flu hosp",2024-04-27,"13","quantile",0.85,88.1618364361299
2024-04-20,2,"wk inc flu hosp",2024-05-04,"13","quantile",0.85,95.443199670826
2024-04-20,3,"wk inc flu hosp",2024-05-11,"13","quantile",0.85,102.696267319338
2024-04-20,-1,"wk inc flu hosp",2024-04-13,"13","quantile",0.9,88.205187826856
2024-04-20,0,"wk inc flu hosp",2024-04-20,"13","quantile",0.9,87.6720124504253
2024-04-20,1,"wk inc flu hosp",2024-04-27,"13","quantile",0.9,100.938260717893
2024-04-20,2,"wk inc flu hosp",2024-05-04,"13","quantile",0.9,112.837428842825
2024-04-20,3,"wk inc flu hosp",2024-05-11,"13","quantile",0.9,123.459434998014
2024-04-20,-1,"wk inc flu hosp",2024-04-13,"13","quantile",0.95,102.496878062684
2024-04-20,0,"wk inc flu hosp",2024-04-20,"13","quantile",0.95,101.693532000708
2024-04-20,1,"wk inc flu hosp",2024-04-27,"13","quantile",0.95,123.402487064351
2024-04-20,2,"wk inc flu hosp",2024-05-04,"13","quantile",0.95,143.374470166738
2024-04-20,3,"wk inc flu hosp",2024-05-11,"13","quantile",0.95,161.720109579414
2024-04-20,-1,"wk inc flu hosp",2024-04-13,"13","quantile",0.975,115.81536037971
2024-04-20,0,"wk inc flu hosp",2024-04-20,"13","quantile",0.975,116.114380020938
2024-04-20,1,"wk inc flu hosp",2024-04-27,"13","quantile",0.975,148.387987323634
2024-04-20,2,"wk inc flu hosp",2024-05-04,"13","quantile",0.975,178.826111973828
2024-04-20,3,"wk inc flu hosp",2024-05-11,"13","quantile",0.975,205.810367224179
2024-04-20,-1,"wk inc flu hosp",2024-04-13,"13","quantile",0.99,134.183475025828
2024-04-20,0,"wk inc flu hosp",2024-04-20,"13","quantile",0.99,134.830244147471
2024-04-20,1,"wk inc flu hosp",2024-04-27,"13","quantile",0.99,183.941122102378
2024-04-20,2,"wk inc flu hosp",2024-05-04,"13","quantile",0.99,233.521607755963
2024-04-20,3,"wk inc flu hosp",2024-05-11,"13","quantile",0.99,275.896643651314
2024-04-20,-1,"wk inc flu hosp",2024-04-13,"15","quantile",0.01,1.26687087610486
2024-04-20,0,"wk inc flu hosp",2024-04-20,"15","quantile",0.01,1.26203485637876
2024-04-20,1,"wk inc flu hosp",2024-04-27,"15","quantile",0.01,0.318361864909273
2024-04-20,2,"wk inc flu hosp",2024-05-04,"15","quantile",0.01,0
2024-04-20,3,"wk inc flu hosp",2024-05-11,"15","quantile",0.01,0
2024-04-20,-1,"wk inc flu hosp",2024-04-13,"15","quantile",0.025,1.92578876973757
2024-04-20,0,"wk inc flu hosp",2024-04-20,"15","quantile",0.025,1.9082737649091
2024-04-20,1,"wk inc flu hosp",2024-04-27,"15","quantile",0.025,0.827826873083753
2024-04-20,2,"wk inc flu hosp",2024-05-04,"15","quantile",0.025,0.384215718700816
2024-04-20,3,"wk inc flu hosp",2024-05-11,"15","quantile",0.025,0.233136100660402
2024-04-20,-1,"wk inc flu hosp",2024-04-13,"15","quantile",0.05,2.61604635559441
2024-04-20,0,"wk inc flu hosp",2024-04-20,"15","quantile",0.05,2.59575305243809
2024-04-20,1,"wk inc flu hosp",2024-04-27,"15","quantile",0.05,1.36317019549739
2024-04-20,2,"wk inc flu hosp",2024-05-04,"15","quantile",0.05,0.876921452412078
2024-04-20,3,"wk inc flu hosp",2024-05-11,"15","quantile",0.05,0.663974344704493
2024-04-20,-1,"wk inc flu hosp",2024-04-13,"15","quantile",0.1,3.62478897355894
2024-04-20,0,"wk inc flu hosp",2024-04-20,"15","quantile",0.1,3.57446288867428
2024-04-20,1,"wk inc flu hosp",2024-04-27,"15","quantile",0.1,2.19014774137544
2024-04-20,2,"wk inc flu hosp",2024-05-04,"15","quantile",0.1,1.61076642609796
2024-04-20,3,"wk inc flu hosp",2024-05-11,"15","quantile",0.1,1.34147029686911
2024-04-20,-1,"wk inc flu hosp",2024-04-13,"15","quantile",0.15,4.44288537955602
2024-04-20,0,"wk inc flu hosp",2024-04-20,"15","quantile",0.15,4.4041455798276
2024-04-20,1,"wk inc flu hosp",2024-04-27,"15","quantile",0.15,2.91570554581054
2024-04-20,2,"wk inc flu hosp",2024-05-04,"15","quantile",0.15,2.27451188712592
2024-04-20,3,"wk inc flu hosp",2024-05-11,"15","quantile",0.15,1.94804436921562
2024-04-20,-1,"wk inc flu hosp",2024-04-13,"15","quantile",0.2,5.21300021973022
2024-04-20,0,"wk inc flu hosp",2024-04-20,"15","quantile",0.2,5.14634106891169
2024-04-20,1,"wk inc flu hosp",2024-04-27,"15","quantile",0.2,3.58644046351998
2024-04-20,2,"wk inc flu hosp",2024-05-04,"15","quantile",0.2,2.91609756219928
2024-04-20,3,"wk inc flu hosp",2024-05-11,"15","quantile",0.2,2.55600620111056
2024-04-20,-1,"wk inc flu hosp",2024-04-13,"15","quantile",0.25,5.93290930657845
2024-04-20,0,"wk inc flu hosp",2024-04-20,"15","quantile",0.25,5.85320625983903
2024-04-20,1,"wk inc flu hosp",2024-04-27,"15","quantile",0.25,4.28740337508748
2024-04-20,2,"wk inc flu hosp",2024-05-04,"15","quantile",0.25,3.54799938632254
2024-04-20,3,"wk inc flu hosp",2024-05-11,"15","quantile",0.25,3.18767039168266
2024-04-20,-1,"wk inc flu hosp",2024-04-13,"15","quantile",0.3,6.65358289440381
2024-04-20,0,"wk inc flu hosp",2024-04-20,"15","quantile",0.3,6.56989212253676
2024-04-20,1,"wk inc flu hosp",2024-04-27,"15","quantile",0.3,4.99743305227816
2024-04-20,2,"wk inc flu hosp",2024-05-04,"15","quantile",0.3,4.20186825590628
2024-04-20,3,"wk inc flu hosp",2024-05-11,"15","quantile",0.3,3.84170565853193
2024-04-20,-1,"wk inc flu hosp",2024-04-13,"15","quantile",0.35,7.38885065773084
2024-04-20,0,"wk inc flu hosp",2024-04-20,"15","quantile",0.35,7.28954532395615
2024-04-20,1,"wk inc flu hosp",2024-04-27,"15","quantile",0.35,5.75809692201012
2024-04-20,2,"wk inc flu hosp",2024-05-04,"15","quantile",0.35,4.9440032277179
2024-04-20,3,"wk inc flu hosp",2024-05-11,"15","quantile",0.35,4.56624418092461
2024-04-20,-1,"wk inc flu hosp",2024-04-13,"15","quantile",0.4,8.16826692338982
2024-04-20,0,"wk inc flu hosp",2024-04-20,"15","quantile",0.4,8.05048012815399
2024-04-20,1,"wk inc flu hosp",2024-04-27,"15","quantile",0.4,6.59110790584089
2024-04-20,2,"wk inc flu hosp",2024-05-04,"15","quantile",0.4,5.75045778989178
2024-04-20,3,"wk inc flu hosp",2024-05-11,"15","quantile",0.4,5.31666647190934
2024-04-20,-1,"wk inc flu hosp",2024-04-13,"15","quantile",0.45,8.99470567997979
2024-04-20,0,"wk inc flu hosp",2024-04-20,"15","quantile",0.45,8.86213557938126
2024-04-20,1,"wk inc flu hosp",2024-04-27,"15","quantile",0.45,7.47991489656173
2024-04-20,2,"wk inc flu hosp",2024-05-04,"15","quantile",0.45,6.61724032375519
2024-04-20,3,"wk inc flu hosp",2024-05-11,"15","quantile",0.45,6.17998450739668
2024-04-20,-1,"wk inc flu hosp",2024-04-13,"15","quantile",0.5,9.83543303567687
2024-04-20,0,"wk inc flu hosp",2024-04-20,"15","quantile",0.5,9.70497191726767
2024-04-20,1,"wk inc flu hosp",2024-04-27,"15","quantile",0.5,8.44871310686788
2024-04-20,2,"wk inc flu hosp",2024-05-04,"15","quantile",0.5,7.60853574843243
2024-04-20,3,"wk inc flu hosp",2024-05-11,"15","quantile",0.5,7.15271010226936
2024-04-20,-1,"wk inc flu hosp",2024-04-13,"15","quantile",0.55,10.7960188609722
2024-04-20,0,"wk inc flu hosp",2024-04-20,"15","quantile",0.55,10.6412573784864
2024-04-20,1,"wk inc flu hosp",2024-04-27,"15","quantile",0.55,9.51602014470066
2024-04-20,2,"wk inc flu hosp",2024-05-04,"15","quantile",0.55,8.73672362934163
2024-04-20,3,"wk inc flu hosp",2024-05-11,"15","quantile",0.55,8.25617617156744
2024-04-20,-1,"wk inc flu hosp",2024-04-13,"15","quantile",0.6,11.8444053579895
2024-04-20,0,"wk inc flu hosp",2024-04-20,"15","quantile",0.6,11.6951378360832
2024-04-20,1,"wk inc flu hosp",2024-04-27,"15","quantile",0.6,10.726836091104
2024-04-20,2,"wk inc flu hosp",2024-05-04,"15","quantile",0.6,10.0099008988295
2024-04-20,3,"wk inc flu hosp",2024-05-11,"15","quantile",0.6,9.52634306437485
2024-04-20,-1,"wk inc flu hosp",2024-04-13,"15","quantile",0.65,12.9949920306648
2024-04-20,0,"wk inc flu hosp",2024-04-20,"15","quantile",0.65,12.8502065372979
2024-04-20,1,"wk inc flu hosp",2024-04-27,"15","quantile",0.65,12.1041276556415
2024-04-20,2,"wk inc flu hosp",2024-05-04,"15","quantile",0.65,11.4795874270936
2024-04-20,3,"wk inc flu hosp",2024-05-11,"15","quantile",0.65,11.0765001424851
2024-04-20,-1,"wk inc flu hosp",2024-04-13,"15","quantile",0.7,14.3503301556956
2024-04-20,0,"wk inc flu hosp",2024-04-20,"15","quantile",0.7,14.2136356533086
2024-04-20,1,"wk inc flu hosp",2024-04-27,"15","quantile",0.7,13.7929394453343
2024-04-20,2,"wk inc flu hosp",2024-05-04,"15","quantile",0.7,13.3877001123919
2024-04-20,3,"wk inc flu hosp",2024-05-11,"15","quantile",0.7,13.0494347592044
2024-04-20,-1,"wk inc flu hosp",2024-04-13,"15","quantile",0.75,15.9785748850588
2024-04-20,0,"wk inc flu hosp",2024-04-20,"15","quantile",0.75,15.753572701222
2024-04-20,1,"wk inc flu hosp",2024-04-27,"15","quantile",0.75,15.9281668278548
2024-04-20,2,"wk inc flu hosp",2024-05-04,"15","quantile",0.75,15.716972135305
2024-04-20,3,"wk inc flu hosp",2024-05-11,"15","quantile",0.75,15.5784949991291
2024-04-20,-1,"wk inc flu hosp",2024-04-13,"15","quantile",0.8,17.947154213724
2024-04-20,0,"wk inc flu hosp",2024-04-20,"15","quantile",0.8,17.7714473795188
2024-04-20,1,"wk inc flu hosp",2024-04-27,"15","quantile",0.8,18.5329724920586
2024-04-20,2,"wk inc flu hosp",2024-05-04,"15","quantile",0.8,18.7841948669586
2024-04-20,3,"wk inc flu hosp",2024-05-11,"15","quantile",0.8,18.7395234961466
2024-04-20,-1,"wk inc flu hosp",2024-04-13,"15","quantile",0.85,20.4338101409749
2024-04-20,0,"wk inc flu hosp",2024-04-20,"15","quantile",0.85,20.3458542713579
2024-04-20,1,"wk inc flu hosp",2024-04-27,"15","quantile",0.85,22.3191823568931
2024-04-20,2,"wk inc flu hosp",2024-05-04,"15","quantile",0.85,23.0357703247321
2024-04-20,3,"wk inc flu hosp",2024-05-11,"15","quantile",0.85,23.5251923193175
2024-04-20,-1,"wk inc flu hosp",2024-04-13,"15","quantile",0.9,24.3103070220671
2024-04-20,0,"wk inc flu hosp",2024-04-20,"15","quantile",0.9,24.1161611562405
2024-04-20,1,"wk inc flu hosp",2024-04-27,"15","quantile",0.9,27.9379068703727
2024-04-20,2,"wk inc flu hosp",2024-05-04,"15","quantile",0.9,29.7972604847065
2024-04-20,3,"wk inc flu hosp",2024-05-11,"15","quantile",0.9,31.2089880828584
2024-04-20,-1,"wk inc flu hosp",2024-04-13,"15","quantile",0.95,31.1767548456356
2024-04-20,0,"wk inc flu hosp",2024-04-20,"15","quantile",0.95,30.8180006149742
2024-04-20,1,"wk inc flu hosp",2024-04-27,"15","quantile",0.95,38.9104658920241
2024-04-20,2,"wk inc flu hosp",2024-05-04,"15","quantile",0.95,44.0387495123853
2024-04-20,3,"wk inc flu hosp",2024-05-11,"15","quantile",0.95,48.3819114969054
2024-04-20,-1,"wk inc flu hosp",2024-04-13,"15","quantile",0.975,38.3180647853318
2024-04-20,0,"wk inc flu hosp",2024-04-20,"15","quantile",0.975,38.2487452250138
2024-04-20,1,"wk inc flu hosp",2024-04-27,"15","quantile",0.975,51.301643787036
2024-04-20,2,"wk inc flu hosp",2024-05-04,"15","quantile",0.975,62.868107765179
2024-04-20,3,"wk inc flu hosp",2024-05-11,"15","quantile",0.975,71.3718698541184
2024-04-20,-1,"wk inc flu hosp",2024-04-13,"15","quantile",0.99,49.4132092650348
2024-04-20,0,"wk inc flu hosp",2024-04-20,"15","quantile",0.99,49.119941205825
2024-04-20,1,"wk inc flu hosp",2024-04-27,"15","quantile",0.99,72.088577161831
2024-04-20,2,"wk inc flu hosp",2024-05-04,"15","quantile",0.99,93.6677728361085
2024-04-20,3,"wk inc flu hosp",2024-05-11,"15","quantile",0.99,112.455955893499
2024-04-20,-1,"wk inc flu hosp",2024-04-13,"16","quantile",0.01,1.43620697576687
2024-04-20,0,"wk inc flu hosp",2024-04-20,"16","quantile",0.01,1.44971131683662
2024-04-20,1,"wk inc flu hosp",2024-04-27,"16","quantile",0.01,0.415974348058001
2024-04-20,2,"wk inc flu hosp",2024-05-04,"16","quantile",0.01,0.0358374212319341
2024-04-20,3,"wk inc flu hosp",2024-05-11,"16","quantile",0.01,0
2024-04-20,-1,"wk inc flu hosp",2024-04-13,"16","quantile",0.025,2.15405185133608
2024-04-20,0,"wk inc flu hosp",2024-04-20,"16","quantile",0.025,2.1371150641953
2024-04-20,1,"wk inc flu hosp",2024-04-27,"16","quantile",0.025,0.951018418220212
2024-04-20,2,"wk inc flu hosp",2024-05-04,"16","quantile",0.025,0.472953561542075
2024-04-20,3,"wk inc flu hosp",2024-05-11,"16","quantile",0.025,0.21895144880065
2024-04-20,-1,"wk inc flu hosp",2024-04-13,"16","quantile",0.05,2.91892364894189
2024-04-20,0,"wk inc flu hosp",2024-04-20,"16","quantile",0.05,2.88925226232452
2024-04-20,1,"wk inc flu hosp",2024-04-27,"16","quantile",0.05,1.59381636662217
2024-04-20,2,"wk inc flu hosp",2024-05-04,"16","quantile",0.05,1.01881807925956
2024-04-20,3,"wk inc flu hosp",2024-05-11,"16","quantile",0.05,0.703617210244035
2024-04-20,-1,"wk inc flu hosp",2024-04-13,"16","quantile",0.1,4.00037682270815
2024-04-20,0,"wk inc flu hosp",2024-04-20,"16","quantile",0.1,3.99813935332956
2024-04-20,1,"wk inc flu hosp",2024-04-27,"16","quantile",0.1,2.55995261668881
2024-04-20,2,"wk inc flu hosp",2024-05-04,"16","quantile",0.1,1.83987573550979
2024-04-20,3,"wk inc flu hosp",2024-05-11,"16","quantile",0.1,1.47725548251373
2024-04-20,-1,"wk inc flu hosp",2024-04-13,"16","quantile",0.15,4.89115182032672
2024-04-20,0,"wk inc flu hosp",2024-04-20,"16","quantile",0.15,4.88051048438626
2024-04-20,1,"wk inc flu hosp",2024-04-27,"16","quantile",0.15,3.41695766875865
2024-04-20,2,"wk inc flu hosp",2024-05-04,"16","quantile",0.15,2.65795901144162
2024-04-20,3,"wk inc flu hosp",2024-05-11,"16","quantile",0.15,2.18295654262117
2024-04-20,-1,"wk inc flu hosp",2024-04-13,"16","quantile",0.2,5.70853574961281
2024-04-20,0,"wk inc flu hosp",2024-04-20,"16","quantile",0.2,5.68894117173697
2024-04-20,1,"wk inc flu hosp",2024-04-27,"16","quantile",0.2,4.22621962568501
2024-04-20,2,"wk inc flu hosp",2024-05-04,"16","quantile",0.2,3.41259517812118
2024-04-20,3,"wk inc flu hosp",2024-05-11,"16","quantile",0.2,2.88555892896008
2024-04-20,-1,"wk inc flu hosp",2024-04-13,"16","quantile",0.25,6.49730471224128
2024-04-20,0,"wk inc flu hosp",2024-04-20,"16","quantile",0.25,6.51258586503348
2024-04-20,1,"wk inc flu hosp",2024-04-27,"16","quantile",0.25,5.06056129825108
2024-04-20,2,"wk inc flu hosp",2024-05-04,"16","quantile",0.25,4.16205216649391
2024-04-20,3,"wk inc flu hosp",2024-05-11,"16","quantile",0.25,3.6275232435669
2024-04-20,-1,"wk inc flu hosp",2024-04-13,"16","quantile",0.3,7.31797326181259
2024-04-20,0,"wk inc flu hosp",2024-04-20,"16","quantile",0.3,7.32969514585067
2024-04-20,1,"wk inc flu hosp",2024-04-27,"16","quantile",0.3,5.90504158582385
2024-04-20,2,"wk inc flu hosp",2024-05-04,"16","quantile",0.3,4.99585329681988
2024-04-20,3,"wk inc flu hosp",2024-05-11,"16","quantile",0.3,4.42846848418626
2024-04-20,-1,"wk inc flu hosp",2024-04-13,"16","quantile",0.35,8.10850724406333
2024-04-20,0,"wk inc flu hosp",2024-04-20,"16","quantile",0.35,8.16740017418796
2024-04-20,1,"wk inc flu hosp",2024-04-27,"16","quantile",0.35,6.79811867616882
2024-04-20,2,"wk inc flu hosp",2024-05-04,"16","quantile",0.35,5.90417072061965
2024-04-20,3,"wk inc flu hosp",2024-05-11,"16","quantile",0.35,5.30733957298576
2024-04-20,-1,"wk inc flu hosp",2024-04-13,"16","quantile",0.4,8.97852101348308
2024-04-20,0,"wk inc flu hosp",2024-04-20,"16","quantile",0.4,9.00732380986369
2024-04-20,1,"wk inc flu hosp",2024-04-27,"16","quantile",0.4,7.75342982403345
2024-04-20,2,"wk inc flu hosp",2024-05-04,"16","quantile",0.4,6.88145651713013
2024-04-20,3,"wk inc flu hosp",2024-05-11,"16","quantile",0.4,6.2554303565582
2024-04-20,-1,"wk inc flu hosp",2024-04-13,"16","quantile",0.45,9.83376278674297
2024-04-20,0,"wk inc flu hosp",2024-04-20,"16","quantile",0.45,9.89605775152855
2024-04-20,1,"wk inc flu hosp",2024-04-27,"16","quantile",0.45,8.78977876078553
2024-04-20,2,"wk inc flu hosp",2024-05-04,"16","quantile",0.45,7.96779677949435
2024-04-20,3,"wk inc flu hosp",2024-05-11,"16","quantile",0.45,7.32398773707034
2024-04-20,-1,"wk inc flu hosp",2024-04-13,"16","quantile",0.5,10.7844194218712
2024-04-20,0,"wk inc flu hosp",2024-04-20,"16","quantile",0.5,10.8544517728831
2024-04-20,1,"wk inc flu hosp",2024-04-27,"16","quantile",0.5,9.97438906766093
2024-04-20,2,"wk inc flu hosp",2024-05-04,"16","quantile",0.5,9.21009816810633
2024-04-20,3,"wk inc flu hosp",2024-05-11,"16","quantile",0.5,8.53136620536002
2024-04-20,-1,"wk inc flu hosp",2024-04-13,"16","quantile",0.55,11.850062639206
2024-04-20,0,"wk inc flu hosp",2024-04-20,"16","quantile",0.55,11.8921887350182
2024-04-20,1,"wk inc flu hosp",2024-04-27,"16","quantile",0.55,11.2572326688425
2024-04-20,2,"wk inc flu hosp",2024-05-04,"16","quantile",0.55,10.5744840695563
2024-04-20,3,"wk inc flu hosp",2024-05-11,"16","quantile",0.55,9.89864272333415
2024-04-20,-1,"wk inc flu hosp",2024-04-13,"16","quantile",0.6,13.0258333702911
2024-04-20,0,"wk inc flu hosp",2024-04-20,"16","quantile",0.6,13.0451582439515
2024-04-20,1,"wk inc flu hosp",2024-04-27,"16","quantile",0.6,12.7018082220143
2024-04-20,2,"wk inc flu hosp",2024-05-04,"16","quantile",0.6,12.2160325808456
2024-04-20,3,"wk inc flu hosp",2024-05-11,"16","quantile",0.6,11.5923855590718
2024-04-20,-1,"wk inc flu hosp",2024-04-13,"16","quantile",0.65,14.3091840988164
2024-04-20,0,"wk inc flu hosp",2024-04-20,"16","quantile",0.65,14.3520356328353
2024-04-20,1,"wk inc flu hosp",2024-04-27,"16","quantile",0.65,14.4321323852465
2024-04-20,2,"wk inc flu hosp",2024-05-04,"16","quantile",0.65,14.0793660894237
2024-04-20,3,"wk inc flu hosp",2024-05-11,"16","quantile",0.65,13.5825703352367
2024-04-20,-1,"wk inc flu hosp",2024-04-13,"16","quantile",0.7,15.7665346858411
2024-04-20,0,"wk inc flu hosp",2024-04-20,"16","quantile",0.7,15.8674933004646
2024-04-20,1,"wk inc flu hosp",2024-04-27,"16","quantile",0.7,16.4589368444182
2024-04-20,2,"wk inc flu hosp",2024-05-04,"16","quantile",0.7,16.411918592142
2024-04-20,3,"wk inc flu hosp",2024-05-11,"16","quantile",0.7,16.0228266480877
2024-04-20,-1,"wk inc flu hosp",2024-04-13,"16","quantile",0.75,17.5912658740299
2024-04-20,0,"wk inc flu hosp",2024-04-20,"16","quantile",0.75,17.6634298545636
2024-04-20,1,"wk inc flu hosp",2024-04-27,"16","quantile",0.75,18.9106586129344
2024-04-20,2,"wk inc flu hosp",2024-05-04,"16","quantile",0.75,19.2147559659437
2024-04-20,3,"wk inc flu hosp",2024-05-11,"16","quantile",0.75,19.2054121583064
2024-04-20,-1,"wk inc flu hosp",2024-04-13,"16","quantile",0.8,19.76006452296
2024-04-20,0,"wk inc flu hosp",2024-04-20,"16","quantile",0.8,19.9056252945612
2024-04-20,1,"wk inc flu hosp",2024-04-27,"16","quantile",0.8,22.1828960587106
2024-04-20,2,"wk inc flu hosp",2024-05-04,"16","quantile",0.8,23.0315340735978
2024-04-20,3,"wk inc flu hosp",2024-05-11,"16","quantile",0.8,23.605828042481
2024-04-20,-1,"wk inc flu hosp",2024-04-13,"16","quantile",0.85,22.7064932399688
2024-04-20,0,"wk inc flu hosp",2024-04-20,"16","quantile",0.85,22.795511538352
2024-04-20,1,"wk inc flu hosp",2024-04-27,"16","quantile",0.85,26.7070315710025
2024-04-20,2,"wk inc flu hosp",2024-05-04,"16","quantile",0.85,28.5315107738361
2024-04-20,3,"wk inc flu hosp",2024-05-11,"16","quantile",0.85,29.8557210794746
2024-04-20,-1,"wk inc flu hosp",2024-04-13,"16","quantile",0.9,26.8441131583028
2024-04-20,0,"wk inc flu hosp",2024-04-20,"16","quantile",0.9,27.1485699403438
2024-04-20,1,"wk inc flu hosp",2024-04-27,"16","quantile",0.9,33.5237109529557
2024-04-20,2,"wk inc flu hosp",2024-05-04,"16","quantile",0.9,37.6998865221974
2024-04-20,3,"wk inc flu hosp",2024-05-11,"16","quantile",0.9,40.3132328575814
2024-04-20,-1,"wk inc flu hosp",2024-04-13,"16","quantile",0.95,34.4901210126546
2024-04-20,0,"wk inc flu hosp",2024-04-20,"16","quantile",0.95,34.9093049515065
2024-04-20,1,"wk inc flu hosp",2024-04-27,"16","quantile",0.95,46.8284107166463
2024-04-20,2,"wk inc flu hosp",2024-05-04,"16","quantile",0.95,55.7892825172391
2024-04-20,3,"wk inc flu hosp",2024-05-11,"16","quantile",0.95,62.8372000944607
2024-04-20,-1,"wk inc flu hosp",2024-04-13,"16","quantile",0.975,42.9180429045702
2024-04-20,0,"wk inc flu hosp",2024-04-20,"16","quantile",0.975,44.0633052240126
2024-04-20,1,"wk inc flu hosp",2024-04-27,"16","quantile",0.975,63.2526310768104
2024-04-20,2,"wk inc flu hosp",2024-05-04,"16","quantile",0.975,78.8945794647771
2024-04-20,3,"wk inc flu hosp",2024-05-11,"16","quantile",0.975,94.2707438064745
2024-04-20,-1,"wk inc flu hosp",2024-04-13,"16","quantile",0.99,56.1534894791587
2024-04-20,0,"wk inc flu hosp",2024-04-20,"16","quantile",0.99,56.7316653447566
2024-04-20,1,"wk inc flu hosp",2024-04-27,"16","quantile",0.99,88.8334974587558
2024-04-20,2,"wk inc flu hosp",2024-05-04,"16","quantile",0.99,119.495309020955
2024-04-20,3,"wk inc flu hosp",2024-05-11,"16","quantile",0.99,152.218051839525
2024-04-20,-1,"wk inc flu hosp",2024-04-13,"17","quantile",0.01,47.6681677363591
2024-04-20,0,"wk inc flu hosp",2024-04-20,"17","quantile",0.01,47.4146386830083
2024-04-20,1,"wk inc flu hosp",2024-04-27,"17","quantile",0.01,24.0874112090652
2024-04-20,2,"wk inc flu hosp",2024-05-04,"17","quantile",0.01,14.4502891015152
2024-04-20,3,"wk inc flu hosp",2024-05-11,"17","quantile",0.01,9.73722806952276
2024-04-20,-1,"wk inc flu hosp",2024-04-13,"17","quantile",0.025,57.2616822946736
2024-04-20,0,"wk inc flu hosp",2024-04-20,"17","quantile",0.025,56.5714388201112
2024-04-20,1,"wk inc flu hosp",2024-04-27,"17","quantile",0.025,30.7617930624425
2024-04-20,2,"wk inc flu hosp",2024-05-04,"17","quantile",0.025,19.6398311672046
2024-04-20,3,"wk inc flu hosp",2024-05-11,"17","quantile",0.025,13.6765346020131
2024-04-20,-1,"wk inc flu hosp",2024-04-13,"17","quantile",0.05,66.1884655959691
2024-04-20,0,"wk inc flu hosp",2024-04-20,"17","quantile",0.05,66.1353609248102
2024-04-20,1,"wk inc flu hosp",2024-04-27,"17","quantile",0.05,38.2289986905663
2024-04-20,2,"wk inc flu hosp",2024-05-04,"17","quantile",0.05,25.3719942028716
2024-04-20,3,"wk inc flu hosp",2024-05-11,"17","quantile",0.05,18.1605437960002
2024-04-20,-1,"wk inc flu hosp",2024-04-13,"17","quantile",0.1,78.8248949643909
2024-04-20,0,"wk inc flu hosp",2024-04-20,"17","quantile",0.1,78.9426851153478
2024-04-20,1,"wk inc flu hosp",2024-04-27,"17","quantile",0.1,49.4229992121267
2024-04-20,2,"wk inc flu hosp",2024-05-04,"17","quantile",0.1,33.7643781056456
2024-04-20,3,"wk inc flu hosp",2024-05-11,"17","quantile",0.1,25.1271599726737
2024-04-20,-1,"wk inc flu hosp",2024-04-13,"17","quantile",0.15,88.4737647302282
2024-04-20,0,"wk inc flu hosp",2024-04-20,"17","quantile",0.15,88.7335404470942
2024-04-20,1,"wk inc flu hosp",2024-04-27,"17","quantile",0.15,57.98730716688
2024-04-20,2,"wk inc flu hosp",2024-05-04,"17","quantile",0.15,41.3387219613335
2024-04-20,3,"wk inc flu hosp",2024-05-11,"17","quantile",0.15,31.5952571144594
2024-04-20,-1,"wk inc flu hosp",2024-04-13,"17","quantile",0.2,97.2509582290641
2024-04-20,0,"wk inc flu hosp",2024-04-20,"17","quantile",0.2,97.2508055231399
2024-04-20,1,"wk inc flu hosp",2024-04-27,"17","quantile",0.2,66.0744280702448
2024-04-20,2,"wk inc flu hosp",2024-05-04,"17","quantile",0.2,48.5000921385139
2024-04-20,3,"wk inc flu hosp",2024-05-11,"17","quantile",0.2,37.6481136926249
2024-04-20,-1,"wk inc flu hosp",2024-04-13,"17","quantile",0.25,105.516066674006
2024-04-20,0,"wk inc flu hosp",2024-04-20,"17","quantile",0.25,105.271490509256
2024-04-20,1,"wk inc flu hosp",2024-04-27,"17","quantile",0.25,74.115484008692
2024-04-20,2,"wk inc flu hosp",2024-05-04,"17","quantile",0.25,55.4913899881385
2024-04-20,3,"wk inc flu hosp",2024-05-11,"17","quantile",0.25,43.9971619278963
2024-04-20,-1,"wk inc flu hosp",2024-04-13,"17","quantile",0.3,113.563077466829
2024-04-20,0,"wk inc flu hosp",2024-04-20,"17","quantile",0.3,112.852679108755
2024-04-20,1,"wk inc flu hosp",2024-04-27,"17","quantile",0.3,81.6988689529275
2024-04-20,2,"wk inc flu hosp",2024-05-04,"17","quantile",0.3,62.642955638999
2024-04-20,3,"wk inc flu hosp",2024-05-11,"17","quantile",0.3,50.5334973645187
2024-04-20,-1,"wk inc flu hosp",2024-04-13,"17","quantile",0.35,121.307621595999
2024-04-20,0,"wk inc flu hosp",2024-04-20,"17","quantile",0.35,120.56743169424
2024-04-20,1,"wk inc flu hosp",2024-04-27,"17","quantile",0.35,89.8706880989481
2024-04-20,2,"wk inc flu hosp",2024-05-04,"17","quantile",0.35,70.1254741832438
2024-04-20,3,"wk inc flu hosp",2024-05-11,"17","quantile",0.35,57.8263366316017
2024-04-20,-1,"wk inc flu hosp",2024-04-13,"17","quantile",0.4,128.934404687789
2024-04-20,0,"wk inc flu hosp",2024-04-20,"17","quantile",0.4,128.289214447445
2024-04-20,1,"wk inc flu hosp",2024-04-27,"17","quantile",0.4,98.3780166371458
2024-04-20,2,"wk inc flu hosp",2024-05-04,"17","quantile",0.4,78.4721357560816
2024-04-20,3,"wk inc flu hosp",2024-05-11,"17","quantile",0.4,65.3018320127422
2024-04-20,-1,"wk inc flu hosp",2024-04-13,"17","quantile",0.45,137.159580400251
2024-04-20,0,"wk inc flu hosp",2024-04-20,"17","quantile",0.45,136.680954925721
2024-04-20,1,"wk inc flu hosp",2024-04-27,"17","quantile",0.45,107.171432855334
2024-04-20,2,"wk inc flu hosp",2024-05-04,"17","quantile",0.45,87.4861066770721
2024-04-20,3,"wk inc flu hosp",2024-05-11,"17","quantile",0.45,73.5947293667314
2024-04-20,-1,"wk inc flu hosp",2024-04-13,"17","quantile",0.5,145.587289216827
2024-04-20,0,"wk inc flu hosp",2024-04-20,"17","quantile",0.5,144.943464431484
2024-04-20,1,"wk inc flu hosp",2024-04-27,"17","quantile",0.5,116.442233344239
2024-04-20,2,"wk inc flu hosp",2024-05-04,"17","quantile",0.5,97.0942205257499
2024-04-20,3,"wk inc flu hosp",2024-05-11,"17","quantile",0.5,83.0522026005826
2024-04-20,-1,"wk inc flu hosp",2024-04-13,"17","quantile",0.55,154.578919634372
2024-04-20,0,"wk inc flu hosp",2024-04-20,"17","quantile",0.55,153.803282607157
2024-04-20,1,"wk inc flu hosp",2024-04-27,"17","quantile",0.55,127.230503688693
2024-04-20,2,"wk inc flu hosp",2024-05-04,"17","quantile",0.55,107.576401829914
2024-04-20,3,"wk inc flu hosp",2024-05-11,"17","quantile",0.55,93.5608212809363
2024-04-20,-1,"wk inc flu hosp",2024-04-13,"17","quantile",0.6,164.1234982098
2024-04-20,0,"wk inc flu hosp",2024-04-20,"17","quantile",0.6,163.222523520088
2024-04-20,1,"wk inc flu hosp",2024-04-27,"17","quantile",0.6,138.804156821885
2024-04-20,2,"wk inc flu hosp",2024-05-04,"17","quantile",0.6,119.938669387444
2024-04-20,3,"wk inc flu hosp",2024-05-11,"17","quantile",0.6,105.322122864108
2024-04-20,-1,"wk inc flu hosp",2024-04-13,"17","quantile",0.65,174.809840737666
2024-04-20,0,"wk inc flu hosp",2024-04-20,"17","quantile",0.65,173.784812097742
2024-04-20,1,"wk inc flu hosp",2024-04-27,"17","quantile",0.65,151.906556327427
2024-04-20,2,"wk inc flu hosp",2024-05-04,"17","quantile",0.65,134.102198011448
2024-04-20,3,"wk inc flu hosp",2024-05-11,"17","quantile",0.65,119.691189281133
2024-04-20,-1,"wk inc flu hosp",2024-04-13,"17","quantile",0.7,186.463458787367
2024-04-20,0,"wk inc flu hosp",2024-04-20,"17","quantile",0.7,185.484310418999
2024-04-20,1,"wk inc flu hosp",2024-04-27,"17","quantile",0.7,166.715256582416
2024-04-20,2,"wk inc flu hosp",2024-05-04,"17","quantile",0.7,150.726020055833
2024-04-20,3,"wk inc flu hosp",2024-05-11,"17","quantile",0.7,136.589366786249
2024-04-20,-1,"wk inc flu hosp",2024-04-13,"17","quantile",0.75,200.173787582377
2024-04-20,0,"wk inc flu hosp",2024-04-20,"17","quantile",0.75,199.304557764521
2024-04-20,1,"wk inc flu hosp",2024-04-27,"17","quantile",0.75,184.843748151905
2024-04-20,2,"wk inc flu hosp",2024-05-04,"17","quantile",0.75,171.024527452009
2024-04-20,3,"wk inc flu hosp",2024-05-11,"17","quantile",0.75,158.59984025029
2024-04-20,-1,"wk inc flu hosp",2024-04-13,"17","quantile",0.8,216.80620240426
2024-04-20,0,"wk inc flu hosp",2024-04-20,"17","quantile",0.8,215.873497139751
2024-04-20,1,"wk inc flu hosp",2024-04-27,"17","quantile",0.8,207.6775222732
2024-04-20,2,"wk inc flu hosp",2024-05-04,"17","quantile",0.8,197.414817929251
2024-04-20,3,"wk inc flu hosp",2024-05-11,"17","quantile",0.8,186.404512196154
2024-04-20,-1,"wk inc flu hosp",2024-04-13,"17","quantile",0.85,238.132473942217
2024-04-20,0,"wk inc flu hosp",2024-04-20,"17","quantile",0.85,236.787416122277
2024-04-20,1,"wk inc flu hosp",2024-04-27,"17","quantile",0.85,238.012856591252
2024-04-20,2,"wk inc flu hosp",2024-05-04,"17","quantile",0.85,233.96781499115
2024-04-20,3,"wk inc flu hosp",2024-05-11,"17","quantile",0.85,228.950642291655
2024-04-20,-1,"wk inc flu hosp",2024-04-13,"17","quantile",0.9,267.857104333918
2024-04-20,0,"wk inc flu hosp",2024-04-20,"17","quantile",0.9,266.609993963206
2024-04-20,1,"wk inc flu hosp",2024-04-27,"17","quantile",0.9,282.699076865086
2024-04-20,2,"wk inc flu hosp",2024-05-04,"17","quantile",0.9,290.966323894798
2024-04-20,3,"wk inc flu hosp",2024-05-11,"17","quantile",0.9,293.866861167739
2024-04-20,-1,"wk inc flu hosp",2024-04-13,"17","quantile",0.95,318.869334267358
2024-04-20,0,"wk inc flu hosp",2024-04-20,"17","quantile",0.95,318.336458824144
2024-04-20,1,"wk inc flu hosp",2024-04-27,"17","quantile",0.95,363.993701311845
2024-04-20,2,"wk inc flu hosp",2024-05-04,"17","quantile",0.95,403.939006493291
2024-04-20,3,"wk inc flu hosp",2024-05-11,"17","quantile",0.95,434.64647372225
2024-04-20,-1,"wk inc flu hosp",2024-04-13,"17","quantile",0.975,369.187622544986
2024-04-20,0,"wk inc flu hosp",2024-04-20,"17","quantile",0.975,372.137864700868
2024-04-20,1,"wk inc flu hosp",2024-04-27,"17","quantile",0.975,456.490676129202
2024-04-20,2,"wk inc flu hosp",2024-05-04,"17","quantile",0.975,541.933141658746
2024-04-20,3,"wk inc flu hosp",2024-05-11,"17","quantile",0.975,615.97717720101
2024-04-20,-1,"wk inc flu hosp",2024-04-13,"17","quantile",0.99,436.437629390045
2024-04-20,0,"wk inc flu hosp",2024-04-20,"17","quantile",0.99,439.334594534169
2024-04-20,1,"wk inc flu hosp",2024-04-27,"17","quantile",0.99,606.40511480279
2024-04-20,2,"wk inc flu hosp",2024-05-04,"17","quantile",0.99,766.299237235364
2024-04-20,3,"wk inc flu hosp",2024-05-11,"17","quantile",0.99,940.976663984266
2024-04-20,-1,"wk inc flu hosp",2024-04-13,"18","quantile",0.01,32.5228919087704
2024-04-20,0,"wk inc flu hosp",2024-04-20,"18","quantile",0.01,32.0770319751781
2024-04-20,1,"wk inc flu hosp",2024-04-27,"18","quantile",0.01,17.3000091085961
2024-04-20,2,"wk inc flu hosp",2024-05-04,"18","quantile",0.01,10.4496914403134
2024-04-20,3,"wk inc flu hosp",2024-05-11,"18","quantile",0.01,7.14983134840161
2024-04-20,-1,"wk inc flu hosp",2024-04-13,"18","quantile",0.025,38.2976031742937
2024-04-20,0,"wk inc flu hosp",2024-04-20,"18","quantile",0.025,37.4193779818676
2024-04-20,1,"wk inc flu hosp",2024-04-27,"18","quantile",0.025,21.4457030532817
2024-04-20,2,"wk inc flu hosp",2024-05-04,"18","quantile",0.025,13.6952964581018
2024-04-20,3,"wk inc flu hosp",2024-05-11,"18","quantile",0.025,9.75644866316297
2024-04-20,-1,"wk inc flu hosp",2024-04-13,"18","quantile",0.05,44.0686738104855
2024-04-20,0,"wk inc flu hosp",2024-04-20,"18","quantile",0.05,42.8715004505151
2024-04-20,1,"wk inc flu hosp",2024-04-27,"18","quantile",0.05,25.8355590232977
2024-04-20,2,"wk inc flu hosp",2024-05-04,"18","quantile",0.05,17.3001688427894
2024-04-20,3,"wk inc flu hosp",2024-05-11,"18","quantile",0.05,12.5519967849117
2024-04-20,-1,"wk inc flu hosp",2024-04-13,"18","quantile",0.1,51.961322541184
2024-04-20,0,"wk inc flu hosp",2024-04-20,"18","quantile",0.1,50.5041818990701
2024-04-20,1,"wk inc flu hosp",2024-04-27,"18","quantile",0.1,32.0858832756504
2024-04-20,2,"wk inc flu hosp",2024-05-04,"18","quantile",0.1,22.40300919392
2024-04-20,3,"wk inc flu hosp",2024-05-11,"18","quantile",0.1,16.8387779514611
2024-04-20,-1,"wk inc flu hosp",2024-04-13,"18","quantile",0.15,57.7805440802152
2024-04-20,0,"wk inc flu hosp",2024-04-20,"18","quantile",0.15,56.1290870067592
2024-04-20,1,"wk inc flu hosp",2024-04-27,"18","quantile",0.15,37.1541413668184
2024-04-20,2,"wk inc flu hosp",2024-05-04,"18","quantile",0.15,26.8274247054885
2024-04-20,3,"wk inc flu hosp",2024-05-11,"18","quantile",0.15,20.5360251729998
2024-04-20,-1,"wk inc flu hosp",2024-04-13,"18","quantile",0.2,62.8123393954616
2024-04-20,0,"wk inc flu hosp",2024-04-20,"18","quantile",0.2,60.860715310601
2024-04-20,1,"wk inc flu hosp",2024-04-27,"18","quantile",0.2,41.8525372187631
2024-04-20,2,"wk inc flu hosp",2024-05-04,"18","quantile",0.2,30.9046370208588
2024-04-20,3,"wk inc flu hosp",2024-05-11,"18","quantile",0.2,24.1104390854064
2024-04-20,-1,"wk inc flu hosp",2024-04-13,"18","quantile",0.25,67.4576252284118
2024-04-20,0,"wk inc flu hosp",2024-04-20,"18","quantile",0.25,65.3262759061922
2024-04-20,1,"wk inc flu hosp",2024-04-27,"18","quantile",0.25,46.3449315809458
2024-04-20,2,"wk inc flu hosp",2024-05-04,"18","quantile",0.25,35.0039764198917
2024-04-20,3,"wk inc flu hosp",2024-05-11,"18","quantile",0.25,27.698289457363
2024-04-20,-1,"wk inc flu hosp",2024-04-13,"18","quantile",0.3,71.8082500967633
2024-04-20,0,"wk inc flu hosp",2024-04-20,"18","quantile",0.3,69.718793501654
2024-04-20,1,"wk inc flu hosp",2024-04-27,"18","quantile",0.3,50.8048985614439
2024-04-20,2,"wk inc flu hosp",2024-05-04,"18","quantile",0.3,39.0623066625369
2024-04-20,3,"wk inc flu hosp",2024-05-11,"18","quantile",0.3,31.4298165903558
2024-04-20,-1,"wk inc flu hosp",2024-04-13,"18","quantile",0.35,76.4354449770992
2024-04-20,0,"wk inc flu hosp",2024-04-20,"18","quantile",0.35,74.0546134760129
2024-04-20,1,"wk inc flu hosp",2024-04-27,"18","quantile",0.35,55.3439394517
2024-04-20,2,"wk inc flu hosp",2024-05-04,"18","quantile",0.35,43.3492524879122
2024-04-20,3,"wk inc flu hosp",2024-05-11,"18","quantile",0.35,35.1335903685037
2024-04-20,-1,"wk inc flu hosp",2024-04-13,"18","quantile",0.4,80.772387952324
2024-04-20,0,"wk inc flu hosp",2024-04-20,"18","quantile",0.4,78.3081835078941
2024-04-20,1,"wk inc flu hosp",2024-04-27,"18","quantile",0.4,59.9737881299587
2024-04-20,2,"wk inc flu hosp",2024-05-04,"18","quantile",0.4,47.7676618268524
2024-04-20,3,"wk inc flu hosp",2024-05-11,"18","quantile",0.4,39.1028477983429
2024-04-20,-1,"wk inc flu hosp",2024-04-13,"18","quantile",0.45,85.3980707650037
2024-04-20,0,"wk inc flu hosp",2024-04-20,"18","quantile",0.45,82.7944697479419
2024-04-20,1,"wk inc flu hosp",2024-04-27,"18","quantile",0.45,64.8493941290112
2024-04-20,2,"wk inc flu hosp",2024-05-04,"18","quantile",0.45,52.5155522551344
2024-04-20,3,"wk inc flu hosp",2024-05-11,"18","quantile",0.45,43.4888311870708
2024-04-20,-1,"wk inc flu hosp",2024-04-13,"18","quantile",0.5,90.1501804795768
2024-04-20,0,"wk inc flu hosp",2024-04-20,"18","quantile",0.5,87.3814060569614
2024-04-20,1,"wk inc flu hosp",2024-04-27,"18","quantile",0.5,70.2017809047141
2024-04-20,2,"wk inc flu hosp",2024-05-04,"18","quantile",0.5,57.4356420448373
2024-04-20,3,"wk inc flu hosp",2024-05-11,"18","quantile",0.5,48.2861951556207
2024-04-20,-1,"wk inc flu hosp",2024-04-13,"18","quantile",0.55,95.3027499893074
2024-04-20,0,"wk inc flu hosp",2024-04-20,"18","quantile",0.55,92.2271434274434
2024-04-20,1,"wk inc flu hosp",2024-04-27,"18","quantile",0.55,75.9443607284878
2024-04-20,2,"wk inc flu hosp",2024-05-04,"18","quantile",0.55,63.1749574922743
2024-04-20,3,"wk inc flu hosp",2024-05-11,"18","quantile",0.55,53.5534134239914
2024-04-20,-1,"wk inc flu hosp",2024-04-13,"18","quantile",0.6,100.625428382115
2024-04-20,0,"wk inc flu hosp",2024-04-20,"18","quantile",0.6,97.4836180282448
2024-04-20,1,"wk inc flu hosp",2024-04-27,"18","quantile",0.6,81.9820079215811
2024-04-20,2,"wk inc flu hosp",2024-05-04,"18","quantile",0.6,69.3709803675744
2024-04-20,3,"wk inc flu hosp",2024-05-11,"18","quantile",0.6,59.5838751198263
2024-04-20,-1,"wk inc flu hosp",2024-04-13,"18","quantile",0.65,106.62452708238
2024-04-20,0,"wk inc flu hosp",2024-04-20,"18","quantile",0.65,103.131126007786
2024-04-20,1,"wk inc flu hosp",2024-04-27,"18","quantile",0.65,88.9261898868789
2024-04-20,2,"wk inc flu hosp",2024-05-04,"18","quantile",0.65,76.7628414609053
2024-04-20,3,"wk inc flu hosp",2024-05-11,"18","quantile",0.65,66.8854718035411
2024-04-20,-1,"wk inc flu hosp",2024-04-13,"18","quantile",0.7,113.068843346148
2024-04-20,0,"wk inc flu hosp",2024-04-20,"18","quantile",0.7,109.432844414715
2024-04-20,1,"wk inc flu hosp",2024-04-27,"18","quantile",0.7,96.8957916649639
2024-04-20,2,"wk inc flu hosp",2024-05-04,"18","quantile",0.7,85.4037930545208
2024-04-20,3,"wk inc flu hosp",2024-05-11,"18","quantile",0.7,75.3615277664767
2024-04-20,-1,"wk inc flu hosp",2024-04-13,"18","quantile",0.75,120.805115679061
2024-04-20,0,"wk inc flu hosp",2024-04-20,"18","quantile",0.75,116.865134367561
2024-04-20,1,"wk inc flu hosp",2024-04-27,"18","quantile",0.75,106.06514513404
2024-04-20,2,"wk inc flu hosp",2024-05-04,"18","quantile",0.75,95.4810932718531
2024-04-20,3,"wk inc flu hosp",2024-05-11,"18","quantile",0.75,85.6136475584162
2024-04-20,-1,"wk inc flu hosp",2024-04-13,"18","quantile",0.8,129.797344620071
2024-04-20,0,"wk inc flu hosp",2024-04-20,"18","quantile",0.8,125.317213490813
2024-04-20,1,"wk inc flu hosp",2024-04-27,"18","quantile",0.8,117.220776102835
2024-04-20,2,"wk inc flu hosp",2024-05-04,"18","quantile",0.8,108.361064524217
2024-04-20,3,"wk inc flu hosp",2024-05-11,"18","quantile",0.8,99.1460910804516
2024-04-20,-1,"wk inc flu hosp",2024-04-13,"18","quantile",0.85,140.985773326722
2024-04-20,0,"wk inc flu hosp",2024-04-20,"18","quantile",0.85,136.725299284416
2024-04-20,1,"wk inc flu hosp",2024-04-27,"18","quantile",0.85,132.350202448511
2024-04-20,2,"wk inc flu hosp",2024-05-04,"18","quantile",0.85,125.610526574962
2024-04-20,3,"wk inc flu hosp",2024-05-11,"18","quantile",0.85,117.018087390976
2024-04-20,-1,"wk inc flu hosp",2024-04-13,"18","quantile",0.9,156.571665075913
2024-04-20,0,"wk inc flu hosp",2024-04-20,"18","quantile",0.9,151.369279535399
2024-04-20,1,"wk inc flu hosp",2024-04-27,"18","quantile",0.9,154.018998470535
2024-04-20,2,"wk inc flu hosp",2024-05-04,"18","quantile",0.9,151.187738923192
2024-04-20,3,"wk inc flu hosp",2024-05-11,"18","quantile",0.9,145.327240942539
2024-04-20,-1,"wk inc flu hosp",2024-04-13,"18","quantile",0.95,182.311016977916
2024-04-20,0,"wk inc flu hosp",2024-04-20,"18","quantile",0.95,177.648010832901
2024-04-20,1,"wk inc flu hosp",2024-04-27,"18","quantile",0.95,195.796980849001
2024-04-20,2,"wk inc flu hosp",2024-05-04,"18","quantile",0.95,201.156795811198
2024-04-20,3,"wk inc flu hosp",2024-05-11,"18","quantile",0.95,203.452991754574
2024-04-20,-1,"wk inc flu hosp",2024-04-13,"18","quantile",0.975,210.262657703239
2024-04-20,0,"wk inc flu hosp",2024-04-20,"18","quantile",0.975,203.70637652873
2024-04-20,1,"wk inc flu hosp",2024-04-27,"18","quantile",0.975,238.462088940723
2024-04-20,2,"wk inc flu hosp",2024-05-04,"18","quantile",0.975,260.246926257838
2024-04-20,3,"wk inc flu hosp",2024-05-11,"18","quantile",0.975,272.656525204379
2024-04-20,-1,"wk inc flu hosp",2024-04-13,"18","quantile",0.99,248.506469005231
2024-04-20,0,"wk inc flu hosp",2024-04-20,"18","quantile",0.99,238.996737968336
2024-04-20,1,"wk inc flu hosp",2024-04-27,"18","quantile",0.99,300.224183340707
2024-04-20,2,"wk inc flu hosp",2024-05-04,"18","quantile",0.99,349.395279613432
2024-04-20,3,"wk inc flu hosp",2024-05-11,"18","quantile",0.99,388.3733177333
2024-04-20,-1,"wk inc flu hosp",2024-04-13,"19","quantile",0.01,8.12131009253061
2024-04-20,0,"wk inc flu hosp",2024-04-20,"19","quantile",0.01,8.01811440103463
2024-04-20,1,"wk inc flu hosp",2024-04-27,"19","quantile",0.01,2.99813860620683
2024-04-20,2,"wk inc flu hosp",2024-05-04,"19","quantile",0.01,1.28798361753575
2024-04-20,3,"wk inc flu hosp",2024-05-11,"19","quantile",0.01,0.558201352002079
2024-04-20,-1,"wk inc flu hosp",2024-04-13,"19","quantile",0.025,10.9384503200873
2024-04-20,0,"wk inc flu hosp",2024-04-20,"19","quantile",0.025,10.9636934015497
2024-04-20,1,"wk inc flu hosp",2024-04-27,"19","quantile",0.025,4.72323844757871
2024-04-20,2,"wk inc flu hosp",2024-05-04,"19","quantile",0.025,2.47097551366128
2024-04-20,3,"wk inc flu hosp",2024-05-11,"19","quantile",0.025,1.40767966015118
2024-04-20,-1,"wk inc flu hosp",2024-04-13,"19","quantile",0.05,13.9967646690782
2024-04-20,0,"wk inc flu hosp",2024-04-20,"19","quantile",0.05,14.1127083167549
2024-04-20,1,"wk inc flu hosp",2024-04-27,"19","quantile",0.05,6.79948183082606
2024-04-20,2,"wk inc flu hosp",2024-05-04,"19","quantile",0.05,3.91177895057639
2024-04-20,3,"wk inc flu hosp",2024-05-11,"19","quantile",0.05,2.50540603370627
2024-04-20,-1,"wk inc flu hosp",2024-04-13,"19","quantile",0.1,18.6808340066184
2024-04-20,0,"wk inc flu hosp",2024-04-20,"19","quantile",0.1,18.5765944584211
2024-04-20,1,"wk inc flu hosp",2024-04-27,"19","quantile",0.1,10.02541292926
2024-04-20,2,"wk inc flu hosp",2024-05-04,"19","quantile",0.1,6.39937935790698
2024-04-20,3,"wk inc flu hosp",2024-05-11,"19","quantile",0.1,4.43674133102048
2024-04-20,-1,"wk inc flu hosp",2024-04-13,"19","quantile",0.15,22.4868916906778
2024-04-20,0,"wk inc flu hosp",2024-04-20,"19","quantile",0.15,22.412665411864
2024-04-20,1,"wk inc flu hosp",2024-04-27,"19","quantile",0.15,13.1799408510371
2024-04-20,2,"wk inc flu hosp",2024-05-04,"19","quantile",0.15,8.72346882928603
2024-04-20,3,"wk inc flu hosp",2024-05-11,"19","quantile",0.15,6.33440343801069
2024-04-20,-1,"wk inc flu hosp",2024-04-13,"19","quantile",0.2,25.9959903392424
2024-04-20,0,"wk inc flu hosp",2024-04-20,"19","quantile",0.2,26.0355978527532
2024-04-20,1,"wk inc flu hosp",2024-04-27,"19","quantile",0.2,16.1935306795399
2024-04-20,2,"wk inc flu hosp",2024-05-04,"19","quantile",0.2,11.1367835821819
2024-04-20,3,"wk inc flu hosp",2024-05-11,"19","quantile",0.2,8.27847840547775
2024-04-20,-1,"wk inc flu hosp",2024-04-13,"19","quantile",0.25,29.4933925992319
2024-04-20,0,"wk inc flu hosp",2024-04-20,"19","quantile",0.25,29.5025646722824
2024-04-20,1,"wk inc flu hosp",2024-04-27,"19","quantile",0.25,19.1855655353009
2024-04-20,2,"wk inc flu hosp",2024-05-04,"19","quantile",0.25,13.6756594117235
2024-04-20,3,"wk inc flu hosp",2024-05-11,"19","quantile",0.25,10.380011743319
2024-04-20,-1,"wk inc flu hosp",2024-04-13,"19","quantile",0.3,33.0243469236559
2024-04-20,0,"wk inc flu hosp",2024-04-20,"19","quantile",0.3,32.9092796378167
2024-04-20,1,"wk inc flu hosp",2024-04-27,"19","quantile",0.3,22.3487749966614
2024-04-20,2,"wk inc flu hosp",2024-05-04,"19","quantile",0.3,16.4206790268363
2024-04-20,3,"wk inc flu hosp",2024-05-11,"19","quantile",0.3,12.7631580343417
2024-04-20,-1,"wk inc flu hosp",2024-04-13,"19","quantile",0.35,36.534814485055
2024-04-20,0,"wk inc flu hosp",2024-04-20,"19","quantile",0.35,36.5208432086095
2024-04-20,1,"wk inc flu hosp",2024-04-27,"19","quantile",0.35,25.8020793364825
2024-04-20,2,"wk inc flu hosp",2024-05-04,"19","quantile",0.35,19.4408485375157
2024-04-20,3,"wk inc flu hosp",2024-05-11,"19","quantile",0.35,15.4128938843473
2024-04-20,-1,"wk inc flu hosp",2024-04-13,"19","quantile",0.4,40.2472911216348
2024-04-20,0,"wk inc flu hosp",2024-04-20,"19","quantile",0.4,40.2682574292701
2024-04-20,1,"wk inc flu hosp",2024-04-27,"19","quantile",0.4,29.4576683805212
2024-04-20,2,"wk inc flu hosp",2024-05-04,"19","quantile",0.4,22.7974793682339
2024-04-20,3,"wk inc flu hosp",2024-05-11,"19","quantile",0.4,18.3959338006675
2024-04-20,-1,"wk inc flu hosp",2024-04-13,"19","quantile",0.45,44.3768189067062
2024-04-20,0,"wk inc flu hosp",2024-04-20,"19","quantile",0.45,44.2480466970063
2024-04-20,1,"wk inc flu hosp",2024-04-27,"19","quantile",0.45,33.4732344164448
2024-04-20,2,"wk inc flu hosp",2024-05-04,"19","quantile",0.45,26.5658134238571
2024-04-20,3,"wk inc flu hosp",2024-05-11,"19","quantile",0.45,21.823025622377
2024-04-20,-1,"wk inc flu hosp",2024-04-13,"19","quantile",0.5,48.6189071570096
2024-04-20,0,"wk inc flu hosp",2024-04-20,"19","quantile",0.5,48.4454356703588
2024-04-20,1,"wk inc flu hosp",2024-04-27,"19","quantile",0.5,37.9934615538197
2024-04-20,2,"wk inc flu hosp",2024-05-04,"19","quantile",0.5,30.8838110654909
2024-04-20,3,"wk inc flu hosp",2024-05-11,"19","quantile",0.5,25.8889267830274
2024-04-20,-1,"wk inc flu hosp",2024-04-13,"19","quantile",0.55,53.1439661094551
2024-04-20,0,"wk inc flu hosp",2024-04-20,"19","quantile",0.55,53.0916550510396
2024-04-20,1,"wk inc flu hosp",2024-04-27,"19","quantile",0.55,43.1135142227435
2024-04-20,2,"wk inc flu hosp",2024-05-04,"19","quantile",0.55,36.1275139219051
2024-04-20,3,"wk inc flu hosp",2024-05-11,"19","quantile",0.55,30.7616069929226
2024-04-20,-1,"wk inc flu hosp",2024-04-13,"19","quantile",0.6,58.1956183896068
2024-04-20,0,"wk inc flu hosp",2024-04-20,"19","quantile",0.6,58.0903338723149
2024-04-20,1,"wk inc flu hosp",2024-04-27,"19","quantile",0.6,49.0923144345381
2024-04-20,2,"wk inc flu hosp",2024-05-04,"19","quantile",0.6,42.1377419209827
2024-04-20,3,"wk inc flu hosp",2024-05-11,"19","quantile",0.6,36.6111343008721
2024-04-20,-1,"wk inc flu hosp",2024-04-13,"19","quantile",0.65,64.2945824838939
2024-04-20,0,"wk inc flu hosp",2024-04-20,"19","quantile",0.65,64.0332512776595
2024-04-20,1,"wk inc flu hosp",2024-04-27,"19","quantile",0.65,56.1056158254099
2024-04-20,2,"wk inc flu hosp",2024-05-04,"19","quantile",0.65,49.5897766591375
2024-04-20,3,"wk inc flu hosp",2024-05-11,"19","quantile",0.65,43.829381450166
2024-04-20,-1,"wk inc flu hosp",2024-04-13,"19","quantile",0.7,71.0776716453749
2024-04-20,0,"wk inc flu hosp",2024-04-20,"19","quantile",0.7,70.875682168775
2024-04-20,1,"wk inc flu hosp",2024-04-27,"19","quantile",0.7,64.4057571028846
2024-04-20,2,"wk inc flu hosp",2024-05-04,"19","quantile",0.7,58.6786619451451
2024-04-20,3,"wk inc flu hosp",2024-05-11,"19","quantile",0.7,52.7561234006918
2024-04-20,-1,"wk inc flu hosp",2024-04-13,"19","quantile",0.75,79.2916461745978
2024-04-20,0,"wk inc flu hosp",2024-04-20,"19","quantile",0.75,79.2288060976383
2024-04-20,1,"wk inc flu hosp",2024-04-27,"19","quantile",0.75,74.8704101861041
2024-04-20,2,"wk inc flu hosp",2024-05-04,"19","quantile",0.75,70.2955836021901
2024-04-20,3,"wk inc flu hosp",2024-05-11,"19","quantile",0.75,64.9186570453451
2024-04-20,-1,"wk inc flu hosp",2024-04-13,"19","quantile",0.8,89.5016175346525
2024-04-20,0,"wk inc flu hosp",2024-04-20,"19","quantile",0.8,89.7409439223945
2024-04-20,1,"wk inc flu hosp",2024-04-27,"19","quantile",0.8,89.1083241200762
2024-04-20,2,"wk inc flu hosp",2024-05-04,"19","quantile",0.8,86.1818491469583
2024-04-20,3,"wk inc flu hosp",2024-05-11,"19","quantile",0.8,81.5558488549492
2024-04-20,-1,"wk inc flu hosp",2024-04-13,"19","quantile",0.85,103.56596812313
2024-04-20,0,"wk inc flu hosp",2024-04-20,"19","quantile",0.85,103.233358938493
2024-04-20,1,"wk inc flu hosp",2024-04-27,"19","quantile",0.85,109.012904121383
2024-04-20,2,"wk inc flu hosp",2024-05-04,"19","quantile",0.85,109.23008831324
2024-04-20,3,"wk inc flu hosp",2024-05-11,"19","quantile",0.85,107.182417219927
2024-04-20,-1,"wk inc flu hosp",2024-04-13,"19","quantile",0.9,124.017727557919
2024-04-20,0,"wk inc flu hosp",2024-04-20,"19","quantile",0.9,123.921783235558
2024-04-20,1,"wk inc flu hosp",2024-04-27,"19","quantile",0.9,140.009395287705
2024-04-20,2,"wk inc flu hosp",2024-05-04,"19","quantile",0.9,147.442932925312
2024-04-20,3,"wk inc flu hosp",2024-05-11,"19","quantile",0.9,150.331082157075
2024-04-20,-1,"wk inc flu hosp",2024-04-13,"19","quantile",0.95,162.64553311145
2024-04-20,0,"wk inc flu hosp",2024-04-20,"19","quantile",0.95,161.093384726863
2024-04-20,1,"wk inc flu hosp",2024-04-27,"19","quantile",0.95,203.830380510708
2024-04-20,2,"wk inc flu hosp",2024-05-04,"19","quantile",0.95,235.753540104169
2024-04-20,3,"wk inc flu hosp",2024-05-11,"19","quantile",0.95,254.223518271731
2024-04-20,-1,"wk inc flu hosp",2024-04-13,"19","quantile",0.975,208.521098123811
2024-04-20,0,"wk inc flu hosp",2024-04-20,"19","quantile",0.975,202.886487599251
2024-04-20,1,"wk inc flu hosp",2024-04-27,"19","quantile",0.975,281.572507060256
2024-04-20,2,"wk inc flu hosp",2024-05-04,"19","quantile",0.975,343.436927463527
2024-04-20,3,"wk inc flu hosp",2024-05-11,"19","quantile",0.975,404.954583203628
2024-04-20,-1,"wk inc flu hosp",2024-04-13,"19","quantile",0.99,275.489934672354
2024-04-20,0,"wk inc flu hosp",2024-04-20,"19","quantile",0.99,266.616828034746
2024-04-20,1,"wk inc flu hosp",2024-04-27,"19","quantile",0.99,407.606914344697
2024-04-20,2,"wk inc flu hosp",2024-05-04,"19","quantile",0.99,536.123145543377
2024-04-20,3,"wk inc flu hosp",2024-05-11,"19","quantile",0.99,696.704653298029
2024-04-20,-1,"wk inc flu hosp",2024-04-13,"20","quantile",0.01,5.57420288611316
2024-04-20,0,"wk inc flu hosp",2024-04-20,"20","quantile",0.01,5.56528650151474
2024-04-20,1,"wk inc flu hosp",2024-04-27,"20","quantile",0.01,2.57640095966831
2024-04-20,2,"wk inc flu hosp",2024-05-04,"20","quantile",0.01,1.39732168075763
2024-04-20,3,"wk inc flu hosp",2024-05-11,"20","quantile",0.01,0.693094002943458
2024-04-20,-1,"wk inc flu hosp",2024-04-13,"20","quantile",0.025,7.18893223029126
2024-04-20,0,"wk inc flu hosp",2024-04-20,"20","quantile",0.025,7.00725783098755
2024-04-20,1,"wk inc flu hosp",2024-04-27,"20","quantile",0.025,3.73743922702349
2024-04-20,2,"wk inc flu hosp",2024-05-04,"20","quantile",0.025,2.21414915684109
2024-04-20,3,"wk inc flu hosp",2024-05-11,"20","quantile",0.025,1.41011631610773
2024-04-20,-1,"wk inc flu hosp",2024-04-13,"20","quantile",0.05,8.7901548027762
2024-04-20,0,"wk inc flu hosp",2024-04-20,"20","quantile",0.05,8.51093337340772
2024-04-20,1,"wk inc flu hosp",2024-04-27,"20","quantile",0.05,4.95410592384223
2024-04-20,2,"wk inc flu hosp",2024-05-04,"20","quantile",0.05,3.25325039147834
2024-04-20,3,"wk inc flu hosp",2024-05-11,"20","quantile",0.05,2.22778306019816
2024-04-20,-1,"wk inc flu hosp",2024-04-13,"20","quantile",0.1,10.9798943958853
2024-04-20,0,"wk inc flu hosp",2024-04-20,"20","quantile",0.1,10.7010501014575
2024-04-20,1,"wk inc flu hosp",2024-04-27,"20","quantile",0.1,6.77574119748168
2024-04-20,2,"wk inc flu hosp",2024-05-04,"20","quantile",0.1,4.74850210173992
2024-04-20,3,"wk inc flu hosp",2024-05-11,"20","quantile",0.1,3.55951961318488
2024-04-20,-1,"wk inc flu hosp",2024-04-13,"20","quantile",0.15,12.6717922358638
2024-04-20,0,"wk inc flu hosp",2024-04-20,"20","quantile",0.15,12.3952364486674
2024-04-20,1,"wk inc flu hosp",2024-04-27,"20","quantile",0.15,8.3063867772245
2024-04-20,2,"wk inc flu hosp",2024-05-04,"20","quantile",0.15,6.10553809331424
2024-04-20,3,"wk inc flu hosp",2024-05-11,"20","quantile",0.15,4.69301073706425
2024-04-20,-1,"wk inc flu hosp",2024-04-13,"20","quantile",0.2,14.1743275237646
2024-04-20,0,"wk inc flu hosp",2024-04-20,"20","quantile",0.2,13.9473389368051
2024-04-20,1,"wk inc flu hosp",2024-04-27,"20","quantile",0.2,9.8133655855661
2024-04-20,2,"wk inc flu hosp",2024-05-04,"20","quantile",0.2,7.42259071932563
2024-04-20,3,"wk inc flu hosp",2024-05-11,"20","quantile",0.2,5.83973178629114
2024-04-20,-1,"wk inc flu hosp",2024-04-13,"20","quantile",0.25,15.6431006281477
2024-04-20,0,"wk inc flu hosp",2024-04-20,"20","quantile",0.25,15.3999361260468
2024-04-20,1,"wk inc flu hosp",2024-04-27,"20","quantile",0.25,11.2773801110017
2024-04-20,2,"wk inc flu hosp",2024-05-04,"20","quantile",0.25,8.71509429009816
2024-04-20,3,"wk inc flu hosp",2024-05-11,"20","quantile",0.25,7.01486534662686
2024-04-20,-1,"wk inc flu hosp",2024-04-13,"20","quantile",0.3,17.067108739664
2024-04-20,0,"wk inc flu hosp",2024-04-20,"20","quantile",0.3,16.7742398901835
2024-04-20,1,"wk inc flu hosp",2024-04-27,"20","quantile",0.3,12.7314142991153
2024-04-20,2,"wk inc flu hosp",2024-05-04,"20","quantile",0.3,10.086385263095
2024-04-20,3,"wk inc flu hosp",2024-05-11,"20","quantile",0.3,8.22406715373349
2024-04-20,-1,"wk inc flu hosp",2024-04-13,"20","quantile",0.35,18.5294693716586
2024-04-20,0,"wk inc flu hosp",2024-04-20,"20","quantile",0.35,18.1418399606972
2024-04-20,1,"wk inc flu hosp",2024-04-27,"20","quantile",0.35,14.2207093317703
2024-04-20,2,"wk inc flu hosp",2024-05-04,"20","quantile",0.35,11.4816263791993
2024-04-20,3,"wk inc flu hosp",2024-05-11,"20","quantile",0.35,9.53409664528662
2024-04-20,-1,"wk inc flu hosp",2024-04-13,"20","quantile",0.4,19.9553032389088
2024-04-20,0,"wk inc flu hosp",2024-04-20,"20","quantile",0.4,19.5373317311009
2024-04-20,1,"wk inc flu hosp",2024-04-27,"20","quantile",0.4,15.8255232773725
2024-04-20,2,"wk inc flu hosp",2024-05-04,"20","quantile",0.4,13.0086880085183
2024-04-20,3,"wk inc flu hosp",2024-05-11,"20","quantile",0.4,10.9592096408786
2024-04-20,-1,"wk inc flu hosp",2024-04-13,"20","quantile",0.45,21.5353411868338
2024-04-20,0,"wk inc flu hosp",2024-04-20,"20","quantile",0.45,21.0276129034086
2024-04-20,1,"wk inc flu hosp",2024-04-27,"20","quantile",0.45,17.487148105639
2024-04-20,2,"wk inc flu hosp",2024-05-04,"20","quantile",0.45,14.7090715058327
2024-04-20,3,"wk inc flu hosp",2024-05-11,"20","quantile",0.45,12.4858848924134
2024-04-20,-1,"wk inc flu hosp",2024-04-13,"20","quantile",0.5,23.1607297472945
2024-04-20,0,"wk inc flu hosp",2024-04-20,"20","quantile",0.5,22.6198823357159
2024-04-20,1,"wk inc flu hosp",2024-04-27,"20","quantile",0.5,19.2985319952989
2024-04-20,2,"wk inc flu hosp",2024-05-04,"20","quantile",0.5,16.5466184694843
2024-04-20,3,"wk inc flu hosp",2024-05-11,"20","quantile",0.5,14.2759178809707
2024-04-20,-1,"wk inc flu hosp",2024-04-13,"20","quantile",0.55,24.8972950308644
2024-04-20,0,"wk inc flu hosp",2024-04-20,"20","quantile",0.55,24.3197291276381
2024-04-20,1,"wk inc flu hosp",2024-04-27,"20","quantile",0.55,21.3475706542937
2024-04-20,2,"wk inc flu hosp",2024-05-04,"20","quantile",0.55,18.6579213689402
2024-04-20,3,"wk inc flu hosp",2024-05-11,"20","quantile",0.55,16.2726933333559
2024-04-20,-1,"wk inc flu hosp",2024-04-13,"20","quantile",0.6,26.7531619820722
2024-04-20,0,"wk inc flu hosp",2024-04-20,"20","quantile",0.6,26.1929228989986
2024-04-20,1,"wk inc flu hosp",2024-04-27,"20","quantile",0.6,23.5053150874668
2024-04-20,2,"wk inc flu hosp",2024-05-04,"20","quantile",0.6,21.0154932311468
2024-04-20,3,"wk inc flu hosp",2024-05-11,"20","quantile",0.6,18.529060615809
2024-04-20,-1,"wk inc flu hosp",2024-04-13,"20","quantile",0.65,28.8431400034381
2024-04-20,0,"wk inc flu hosp",2024-04-20,"20","quantile",0.65,28.2458090452534
2024-04-20,1,"wk inc flu hosp",2024-04-27,"20","quantile",0.65,25.9575335913588
2024-04-20,2,"wk inc flu hosp",2024-05-04,"20","quantile",0.65,23.7481023426026
2024-04-20,3,"wk inc flu hosp",2024-05-11,"20","quantile",0.65,21.3067813522261
2024-04-20,-1,"wk inc flu hosp",2024-04-13,"20","quantile",0.7,31.2738518362749
2024-04-20,0,"wk inc flu hosp",2024-04-20,"20","quantile",0.7,30.5740775405306
2024-04-20,1,"wk inc flu hosp",2024-04-27,"20","quantile",0.7,28.9518919449528
2024-04-20,2,"wk inc flu hosp",2024-05-04,"20","quantile",0.7,27.0382971982246
2024-04-20,3,"wk inc flu hosp",2024-05-11,"20","quantile",0.7,24.6298125398103
2024-04-20,-1,"wk inc flu hosp",2024-04-13,"20","quantile",0.75,33.9960316023329
2024-04-20,0,"wk inc flu hosp",2024-04-20,"20","quantile",0.75,33.2111865804497
2024-04-20,1,"wk inc flu hosp",2024-04-27,"20","quantile",0.75,32.5376518920044
2024-04-20,2,"wk inc flu hosp",2024-05-04,"20","quantile",0.75,31.115806786257
2024-04-20,3,"wk inc flu hosp",2024-05-11,"20","quantile",0.75,28.886376819049
2024-04-20,-1,"wk inc flu hosp",2024-04-13,"20","quantile",0.8,37.3970333534537
2024-04-20,0,"wk inc flu hosp",2024-04-20,"20","quantile",0.8,36.4608616842661
2024-04-20,1,"wk inc flu hosp",2024-04-27,"20","quantile",0.8,37.0969616422081
2024-04-20,2,"wk inc flu hosp",2024-05-04,"20","quantile",0.8,36.3783935812216
2024-04-20,3,"wk inc flu hosp",2024-05-11,"20","quantile",0.8,34.4629789352005
2024-04-20,-1,"wk inc flu hosp",2024-04-13,"20","quantile",0.85,41.7647781417628
2024-04-20,0,"wk inc flu hosp",2024-04-20,"20","quantile",0.85,40.7976884559268
2024-04-20,1,"wk inc flu hosp",2024-04-27,"20","quantile",0.85,43.0293383968712
2024-04-20,2,"wk inc flu hosp",2024-05-04,"20","quantile",0.85,43.671586827399
2024-04-20,3,"wk inc flu hosp",2024-05-11,"20","quantile",0.85,42.4414816253741
2024-04-20,-1,"wk inc flu hosp",2024-04-13,"20","quantile",0.9,47.9320355431356
2024-04-20,0,"wk inc flu hosp",2024-04-20,"20","quantile",0.9,46.6820700976831
2024-04-20,1,"wk inc flu hosp",2024-04-27,"20","quantile",0.9,52.2607730347944
2024-04-20,2,"wk inc flu hosp",2024-05-04,"20","quantile",0.9,54.9780767646455
2024-04-20,3,"wk inc flu hosp",2024-05-11,"20","quantile",0.9,55.1594315655574
2024-04-20,-1,"wk inc flu hosp",2024-04-13,"20","quantile",0.95,58.8527778133143
2024-04-20,0,"wk inc flu hosp",2024-04-20,"20","quantile",0.95,57.4891383146371
2024-04-20,1,"wk inc flu hosp",2024-04-27,"20","quantile",0.95,69.4842657476821
2024-04-20,2,"wk inc flu hosp",2024-05-04,"20","quantile",0.95,76.6687587352511
2024-04-20,3,"wk inc flu hosp",2024-05-11,"20","quantile",0.95,82.059410867448
2024-04-20,-1,"wk inc flu hosp",2024-04-13,"20","quantile",0.975,70.5165542151811
2024-04-20,0,"wk inc flu hosp",2024-04-20,"20","quantile",0.975,68.8715211126338
2024-04-20,1,"wk inc flu hosp",2024-04-27,"20","quantile",0.975,89.8900366984866
2024-04-20,2,"wk inc flu hosp",2024-05-04,"20","quantile",0.975,105.009114368685
2024-04-20,3,"wk inc flu hosp",2024-05-11,"20","quantile",0.975,117.078568840597
2024-04-20,-1,"wk inc flu hosp",2024-04-13,"20","quantile",0.99,86.3598314275148
2024-04-20,0,"wk inc flu hosp",2024-04-20,"20","quantile",0.99,84.042468147153
2024-04-20,1,"wk inc flu hosp",2024-04-27,"20","quantile",0.99,122.263642751558
2024-04-20,2,"wk inc flu hosp",2024-05-04,"20","quantile",0.99,152.661924998341
2024-04-20,3,"wk inc flu hosp",2024-05-11,"20","quantile",0.99,179.652448417899
2024-04-20,-1,"wk inc flu hosp",2024-04-13,"21","quantile",0.01,13.7460211333194
2024-04-20,0,"wk inc flu hosp",2024-04-20,"21","quantile",0.01,13.5991047273029
2024-04-20,1,"wk inc flu hosp",2024-04-27,"21","quantile",0.01,6.68874047624129
2024-04-20,2,"wk inc flu hosp",2024-05-04,"21","quantile",0.01,4.08683241938184
2024-04-20,3,"wk inc flu hosp",2024-05-11,"21","quantile",0.01,2.78964052761001
2024-04-20,-1,"wk inc flu hosp",2024-04-13,"21","quantile",0.025,17.0249257714073
2024-04-20,0,"wk inc flu hosp",2024-04-20,"21","quantile",0.025,16.8487053877083
2024-04-20,1,"wk inc flu hosp",2024-04-27,"21","quantile",0.025,8.98287336875035
2024-04-20,2,"wk inc flu hosp",2024-05-04,"21","quantile",0.025,5.66660619190281
2024-04-20,3,"wk inc flu hosp",2024-05-11,"21","quantile",0.025,4.04035342678812
2024-04-20,-1,"wk inc flu hosp",2024-04-13,"21","quantile",0.05,20.2521598115628
2024-04-20,0,"wk inc flu hosp",2024-04-20,"21","quantile",0.05,20.1454056836977
2024-04-20,1,"wk inc flu hosp",2024-04-27,"21","quantile",0.05,11.4979683464656
2024-04-20,2,"wk inc flu hosp",2024-05-04,"21","quantile",0.05,7.57797460009114
2024-04-20,3,"wk inc flu hosp",2024-05-11,"21","quantile",0.05,5.58897525372456
2024-04-20,-1,"wk inc flu hosp",2024-04-13,"21","quantile",0.1,24.8834531169267
2024-04-20,0,"wk inc flu hosp",2024-04-20,"21","quantile",0.1,24.6266981281927
2024-04-20,1,"wk inc flu hosp",2024-04-27,"21","quantile",0.1,14.9985947009052
2024-04-20,2,"wk inc flu hosp",2024-05-04,"21","quantile",0.1,10.4922162101624
2024-04-20,3,"wk inc flu hosp",2024-05-11,"21","quantile",0.1,8.00708897570922
2024-04-20,-1,"wk inc flu hosp",2024-04-13,"21","quantile",0.15,28.4771927642344
2024-04-20,0,"wk inc flu hosp",2024-04-20,"21","quantile",0.15,28.2500835791384
2024-04-20,1,"wk inc flu hosp",2024-04-27,"21","quantile",0.15,17.9870345344909
2024-04-20,2,"wk inc flu hosp",2024-05-04,"21","quantile",0.15,12.9590824588049
2024-04-20,3,"wk inc flu hosp",2024-05-11,"21","quantile",0.15,10.0392963047133
2024-04-20,-1,"wk inc flu hosp",2024-04-13,"21","quantile",0.2,31.7102010486588
2024-04-20,0,"wk inc flu hosp",2024-04-20,"21","quantile",0.2,31.3938166492877
2024-04-20,1,"wk inc flu hosp",2024-04-27,"21","quantile",0.2,20.7719485591927
2024-04-20,2,"wk inc flu hosp",2024-05-04,"21","quantile",0.2,15.3218932942211
2024-04-20,3,"wk inc flu hosp",2024-05-11,"21","quantile",0.2,12.0819081079632
2024-04-20,-1,"wk inc flu hosp",2024-04-13,"21","quantile",0.25,34.704191883651
2024-04-20,0,"wk inc flu hosp",2024-04-20,"21","quantile",0.25,34.3274518850273
2024-04-20,1,"wk inc flu hosp",2024-04-27,"21","quantile",0.25,23.5126457322183
2024-04-20,2,"wk inc flu hosp",2024-05-04,"21","quantile",0.25,17.6334365540727
2024-04-20,3,"wk inc flu hosp",2024-05-11,"21","quantile",0.25,14.0805955970809
2024-04-20,-1,"wk inc flu hosp",2024-04-13,"21","quantile",0.3,37.6907454771808
2024-04-20,0,"wk inc flu hosp",2024-04-20,"21","quantile",0.3,37.0896099532572
2024-04-20,1,"wk inc flu hosp",2024-04-27,"21","quantile",0.3,26.1510897228577
2024-04-20,2,"wk inc flu hosp",2024-05-04,"21","quantile",0.3,19.9923847742171
2024-04-20,3,"wk inc flu hosp",2024-05-11,"21","quantile",0.3,16.2630678835706
2024-04-20,-1,"wk inc flu hosp",2024-04-13,"21","quantile",0.35,40.598726931964
2024-04-20,0,"wk inc flu hosp",2024-04-20,"21","quantile",0.35,39.9430086939468
2024-04-20,1,"wk inc flu hosp",2024-04-27,"21","quantile",0.35,28.9007919326971
2024-04-20,2,"wk inc flu hosp",2024-05-04,"21","quantile",0.35,22.5927695472695
2024-04-20,3,"wk inc flu hosp",2024-05-11,"21","quantile",0.35,18.5402449396159
2024-04-20,-1,"wk inc flu hosp",2024-04-13,"21","quantile",0.4,43.5712812759095
2024-04-20,0,"wk inc flu hosp",2024-04-20,"21","quantile",0.4,42.841831741003
2024-04-20,1,"wk inc flu hosp",2024-04-27,"21","quantile",0.4,31.8328069029379
2024-04-20,2,"wk inc flu hosp",2024-05-04,"21","quantile",0.4,25.3222888381342
2024-04-20,3,"wk inc flu hosp",2024-05-11,"21","quantile",0.4,20.9586629193575
2024-04-20,-1,"wk inc flu hosp",2024-04-13,"21","quantile",0.45,46.6403785642051
2024-04-20,0,"wk inc flu hosp",2024-04-20,"21","quantile",0.45,45.874094757591
2024-04-20,1,"wk inc flu hosp",2024-04-27,"21","quantile",0.45,34.8922524052878
2024-04-20,2,"wk inc flu hosp",2024-05-04,"21","quantile",0.45,28.3015983805369
2024-04-20,3,"wk inc flu hosp",2024-05-11,"21","quantile",0.45,23.5602062776235
2024-04-20,-1,"wk inc flu hosp",2024-04-13,"21","quantile",0.5,49.776069210517
2024-04-20,0,"wk inc flu hosp",2024-04-20,"21","quantile",0.5,49.1444795454524
2024-04-20,1,"wk inc flu hosp",2024-04-27,"21","quantile",0.5,38.305418676319
2024-04-20,2,"wk inc flu hosp",2024-05-04,"21","quantile",0.5,31.4878811908195
2024-04-20,3,"wk inc flu hosp",2024-05-11,"21","quantile",0.5,26.4147250917294
2024-04-20,-1,"wk inc flu hosp",2024-04-13,"21","quantile",0.55,53.2482935341988
2024-04-20,0,"wk inc flu hosp",2024-04-20,"21","quantile",0.55,52.5150335437791
2024-04-20,1,"wk inc flu hosp",2024-04-27,"21","quantile",0.55,42.0336568644736
2024-04-20,2,"wk inc flu hosp",2024-05-04,"21","quantile",0.55,35.1173502308877
2024-04-20,3,"wk inc flu hosp",2024-05-11,"21","quantile",0.55,29.6060861375009
2024-04-20,-1,"wk inc flu hosp",2024-04-13,"21","quantile",0.6,56.9611470509855
2024-04-20,0,"wk inc flu hosp",2024-04-20,"21","quantile",0.6,56.2904113970195
2024-04-20,1,"wk inc flu hosp",2024-04-27,"21","quantile",0.6,46.2584804319396
2024-04-20,2,"wk inc flu hosp",2024-05-04,"21","quantile",0.6,39.2071342434274
2024-04-20,3,"wk inc flu hosp",2024-05-11,"21","quantile",0.6,33.4392266022088
2024-04-20,-1,"wk inc flu hosp",2024-04-13,"21","quantile",0.65,61.0869430925462
2024-04-20,0,"wk inc flu hosp",2024-04-20,"21","quantile",0.65,60.3956446698743
2024-04-20,1,"wk inc flu hosp",2024-04-27,"21","quantile",0.65,51.0729775268783
2024-04-20,2,"wk inc flu hosp",2024-05-04,"21","quantile",0.65,43.9562847669282
2024-04-20,3,"wk inc flu hosp",2024-05-11,"21","quantile",0.65,37.9801880551296
2024-04-20,-1,"wk inc flu hosp",2024-04-13,"21","quantile",0.7,65.8748371559659
2024-04-20,0,"wk inc flu hosp",2024-04-20,"21","quantile",0.7,65.1560943111886
2024-04-20,1,"wk inc flu hosp",2024-04-27,"21","quantile",0.7,56.5591501951952
2024-04-20,2,"wk inc flu hosp",2024-05-04,"21","quantile",0.7,49.5290686516996
2024-04-20,3,"wk inc flu hosp",2024-05-11,"21","quantile",0.7,43.406556924672
2024-04-20,-1,"wk inc flu hosp",2024-04-13,"21","quantile",0.75,71.2837310725439
2024-04-20,0,"wk inc flu hosp",2024-04-20,"21","quantile",0.75,70.6307200482582
2024-04-20,1,"wk inc flu hosp",2024-04-27,"21","quantile",0.75,63.0967702882914
2024-04-20,2,"wk inc flu hosp",2024-05-04,"21","quantile",0.75,56.3295546277989
2024-04-20,3,"wk inc flu hosp",2024-05-11,"21","quantile",0.75,50.1196497350958
2024-04-20,-1,"wk inc flu hosp",2024-04-13,"21","quantile",0.8,77.9863221544357
2024-04-20,0,"wk inc flu hosp",2024-04-20,"21","quantile",0.8,77.1674632788863
2024-04-20,1,"wk inc flu hosp",2024-04-27,"21","quantile",0.8,71.3864137609338
2024-04-20,2,"wk inc flu hosp",2024-05-04,"21","quantile",0.8,65.0154007777346
2024-04-20,3,"wk inc flu hosp",2024-05-11,"21","quantile",0.8,59.1179192462572
2024-04-20,-1,"wk inc flu hosp",2024-04-13,"21","quantile",0.85,86.4359398897595
2024-04-20,0,"wk inc flu hosp",2024-04-20,"21","quantile",0.85,85.3850217026371
2024-04-20,1,"wk inc flu hosp",2024-04-27,"21","quantile",0.85,82.4343597863875
2024-04-20,2,"wk inc flu hosp",2024-05-04,"21","quantile",0.85,77.0417179999103
2024-04-20,3,"wk inc flu hosp",2024-05-11,"21","quantile",0.85,71.9277544373559
2024-04-20,-1,"wk inc flu hosp",2024-04-13,"21","quantile",0.9,98.7803264624433
2024-04-20,0,"wk inc flu hosp",2024-04-20,"21","quantile",0.9,97.0684080152503
2024-04-20,1,"wk inc flu hosp",2024-04-27,"21","quantile",0.9,98.8272656926668
2024-04-20,2,"wk inc flu hosp",2024-05-04,"21","quantile",0.9,95.7687794551278
2024-04-20,3,"wk inc flu hosp",2024-05-11,"21","quantile",0.9,91.7744264682404
2024-04-20,-1,"wk inc flu hosp",2024-04-13,"21","quantile",0.95,120.094068219999
2024-04-20,0,"wk inc flu hosp",2024-04-20,"21","quantile",0.95,118.11897746589
2024-04-20,1,"wk inc flu hosp",2024-04-27,"21","quantile",0.95,130.523578118608
2024-04-20,2,"wk inc flu hosp",2024-05-04,"21","quantile",0.95,135.223494774998
2024-04-20,3,"wk inc flu hosp",2024-05-11,"21","quantile",0.95,135.33846758296
2024-04-20,-1,"wk inc flu hosp",2024-04-13,"21","quantile",0.975,142.428167482843
2024-04-20,0,"wk inc flu hosp",2024-04-20,"21","quantile",0.975,140.229112836343
2024-04-20,1,"wk inc flu hosp",2024-04-27,"21","quantile",0.975,167.07774115884
2024-04-20,2,"wk inc flu hosp",2024-05-04,"21","quantile",0.975,181.138183972664
2024-04-20,3,"wk inc flu hosp",2024-05-11,"21","quantile",0.975,190.959472677259
2024-04-20,-1,"wk inc flu hosp",2024-04-13,"21","quantile",0.99,173.27118508818
2024-04-20,0,"wk inc flu hosp",2024-04-20,"21","quantile",0.99,171.234139126321
2024-04-20,1,"wk inc flu hosp",2024-04-27,"21","quantile",0.99,219.985715687652
2024-04-20,2,"wk inc flu hosp",2024-05-04,"21","quantile",0.99,260.909708834363
2024-04-20,3,"wk inc flu hosp",2024-05-11,"21","quantile",0.99,285.080775702973
2024-04-20,-1,"wk inc flu hosp",2024-04-13,"22","quantile",0.01,10.2335171707476
2024-04-20,0,"wk inc flu hosp",2024-04-20,"22","quantile",0.01,10.1669218222792
2024-04-20,1,"wk inc flu hosp",2024-04-27,"22","quantile",0.01,6.8605436610465
2024-04-20,2,"wk inc flu hosp",2024-05-04,"22","quantile",0.01,5.47605558983465
2024-04-20,3,"wk inc flu hosp",2024-05-11,"22","quantile",0.01,4.69230280310452
2024-04-20,-1,"wk inc flu hosp",2024-04-13,"22","quantile",0.025,12.1794449063319
2024-04-20,0,"wk inc flu hosp",2024-04-20,"22","quantile",0.025,12.1986900496155
2024-04-20,1,"wk inc flu hosp",2024-04-27,"22","quantile",0.025,8.82202269463467
2024-04-20,2,"wk inc flu hosp",2024-05-04,"22","quantile",0.025,7.24660851779905
2024-04-20,3,"wk inc flu hosp",2024-05-11,"22","quantile",0.025,6.39981468139333
2024-04-20,-1,"wk inc flu hosp",2024-04-13,"22","quantile",0.05,14.2211652161816
2024-04-20,0,"wk inc flu hosp",2024-04-20,"22","quantile",0.05,14.1614701496934
2024-04-20,1,"wk inc flu hosp",2024-04-27,"22","quantile",0.05,10.8450854341725
2024-04-20,2,"wk inc flu hosp",2024-05-04,"22","quantile",0.05,9.16162674610148
2024-04-20,3,"wk inc flu hosp",2024-05-11,"22","quantile",0.05,8.24996891126039
2024-04-20,-1,"wk inc flu hosp",2024-04-13,"22","quantile",0.1,16.8693844610461
2024-04-20,0,"wk inc flu hosp",2024-04-20,"22","quantile",0.1,16.8092155406086
2024-04-20,1,"wk inc flu hosp",2024-04-27,"22","quantile",0.1,13.712336542051
2024-04-20,2,"wk inc flu hosp",2024-05-04,"22","quantile",0.1,12.0379939673046
2024-04-20,3,"wk inc flu hosp",2024-05-11,"22","quantile",0.1,11.0651570934541
2024-04-20,-1,"wk inc flu hosp",2024-04-13,"22","quantile",0.15,18.9082228750265
2024-04-20,0,"wk inc flu hosp",2024-04-20,"22","quantile",0.15,18.9228897339588
2024-04-20,1,"wk inc flu hosp",2024-04-27,"22","quantile",0.15,16.0117635689139
2024-04-20,2,"wk inc flu hosp",2024-05-04,"22","quantile",0.15,14.4283303746506
2024-04-20,3,"wk inc flu hosp",2024-05-11,"22","quantile",0.15,13.4596817347449
2024-04-20,-1,"wk inc flu hosp",2024-04-13,"22","quantile",0.2,20.6957835865767
2024-04-20,0,"wk inc flu hosp",2024-04-20,"22","quantile",0.2,20.7272396045167
2024-04-20,1,"wk inc flu hosp",2024-04-27,"22","quantile",0.2,18.1580468358224
2024-04-20,2,"wk inc flu hosp",2024-05-04,"22","quantile",0.2,16.7172807643202
2024-04-20,3,"wk inc flu hosp",2024-05-11,"22","quantile",0.2,15.762314728086
2024-04-20,-1,"wk inc flu hosp",2024-04-13,"22","quantile",0.25,22.3685561688927
2024-04-20,0,"wk inc flu hosp",2024-04-20,"22","quantile",0.25,22.4426403869563
2024-04-20,1,"wk inc flu hosp",2024-04-27,"22","quantile",0.25,20.2313189183058
2024-04-20,2,"wk inc flu hosp",2024-05-04,"22","quantile",0.25,18.846329905466
2024-04-20,3,"wk inc flu hosp",2024-05-11,"22","quantile",0.25,18.1430854351607
2024-04-20,-1,"wk inc flu hosp",2024-04-13,"22","quantile",0.3,23.9497808175753
2024-04-20,0,"wk inc flu hosp",2024-04-20,"22","quantile",0.3,24.069536969896
2024-04-20,1,"wk inc flu hosp",2024-04-27,"22","quantile",0.3,22.1786733698094
2024-04-20,2,"wk inc flu hosp",2024-05-04,"22","quantile",0.3,21.1113765027608
2024-04-20,3,"wk inc flu hosp",2024-05-11,"22","quantile",0.3,20.4436004084228
2024-04-20,-1,"wk inc flu hosp",2024-04-13,"22","quantile",0.35,25.5307512912663
2024-04-20,0,"wk inc flu hosp",2024-04-20,"22","quantile",0.35,25.6841775471246
2024-04-20,1,"wk inc flu hosp",2024-04-27,"22","quantile",0.35,24.1589841591785
2024-04-20,2,"wk inc flu hosp",2024-05-04,"22","quantile",0.35,23.3568094978383
2024-04-20,3,"wk inc flu hosp",2024-05-11,"22","quantile",0.35,22.894728666065
2024-04-20,-1,"wk inc flu hosp",2024-04-13,"22","quantile",0.4,27.0762425558646
2024-04-20,0,"wk inc flu hosp",2024-04-20,"22","quantile",0.4,27.3208136859257
2024-04-20,1,"wk inc flu hosp",2024-04-27,"22","quantile",0.4,26.2789026894229
2024-04-20,2,"wk inc flu hosp",2024-05-04,"22","quantile",0.4,25.7751175370519
2024-04-20,3,"wk inc flu hosp",2024-05-11,"22","quantile",0.4,25.5324297656296
2024-04-20,-1,"wk inc flu hosp",2024-04-13,"22","quantile",0.45,28.7004255532603
2024-04-20,0,"wk inc flu hosp",2024-04-20,"22","quantile",0.45,28.9091020315042
2024-04-20,1,"wk inc flu hosp",2024-04-27,"22","quantile",0.45,28.4656088684363
2024-04-20,2,"wk inc flu hosp",2024-05-04,"22","quantile",0.45,28.3379804799467
2024-04-20,3,"wk inc flu hosp",2024-05-11,"22","quantile",0.45,28.2486867846358
2024-04-20,-1,"wk inc flu hosp",2024-04-13,"22","quantile",0.5,30.4229229421146
2024-04-20,0,"wk inc flu hosp",2024-04-20,"22","quantile",0.5,30.653042505331
2024-04-20,1,"wk inc flu hosp",2024-04-27,"22","quantile",0.5,30.8748307493431
2024-04-20,2,"wk inc flu hosp",2024-05-04,"22","quantile",0.5,31.1190624465516
2024-04-20,3,"wk inc flu hosp",2024-05-11,"22","quantile",0.5,31.3419477903302
2024-04-20,-1,"wk inc flu hosp",2024-04-13,"22","quantile",0.55,32.2116203512407
2024-04-20,0,"wk inc flu hosp",2024-04-20,"22","quantile",0.55,32.4458537569064
2024-04-20,1,"wk inc flu hosp",2024-04-27,"22","quantile",0.55,33.4167419868136
2024-04-20,2,"wk inc flu hosp",2024-05-04,"22","quantile",0.55,34.2400671773016
2024-04-20,3,"wk inc flu hosp",2024-05-11,"22","quantile",0.55,34.8269903581464
2024-04-20,-1,"wk inc flu hosp",2024-04-13,"22","quantile",0.6,34.1471620481803
2024-04-20,0,"wk inc flu hosp",2024-04-20,"22","quantile",0.6,34.3316347198359
2024-04-20,1,"wk inc flu hosp",2024-04-27,"22","quantile",0.6,36.1765784210368
2024-04-20,2,"wk inc flu hosp",2024-05-04,"22","quantile",0.6,37.5470764998697
2024-04-20,3,"wk inc flu hosp",2024-05-11,"22","quantile",0.6,38.6708162609072
2024-04-20,-1,"wk inc flu hosp",2024-04-13,"22","quantile",0.65,36.2421890125468
2024-04-20,0,"wk inc flu hosp",2024-04-20,"22","quantile",0.65,36.405566038539
2024-04-20,1,"wk inc flu hosp",2024-04-27,"22","quantile",0.65,39.3515450770505
2024-04-20,2,"wk inc flu hosp",2024-05-04,"22","quantile",0.65,41.3787136042233
2024-04-20,3,"wk inc flu hosp",2024-05-11,"22","quantile",0.65,43.1383931584819
2024-04-20,-1,"wk inc flu hosp",2024-04-13,"22","quantile",0.7,38.5977780123033
2024-04-20,0,"wk inc flu hosp",2024-04-20,"22","quantile",0.7,38.7668061488359
2024-04-20,1,"wk inc flu hosp",2024-04-27,"22","quantile",0.7,42.7964848976967
2024-04-20,2,"wk inc flu hosp",2024-05-04,"22","quantile",0.7,45.8552446193835
2024-04-20,3,"wk inc flu hosp",2024-05-11,"22","quantile",0.7,48.3386316353152
2024-04-20,-1,"wk inc flu hosp",2024-04-13,"22","quantile",0.75,41.3073158396939
2024-04-20,0,"wk inc flu hosp",2024-04-20,"22","quantile",0.75,41.5033144717637
2024-04-20,1,"wk inc flu hosp",2024-04-27,"22","quantile",0.75,47.1427704654309
2024-04-20,2,"wk inc flu hosp",2024-05-04,"22","quantile",0.75,51.5497619000449
2024-04-20,3,"wk inc flu hosp",2024-05-11,"22","quantile",0.75,54.8662152760685
2024-04-20,-1,"wk inc flu hosp",2024-04-13,"22","quantile",0.8,44.5350289504688
2024-04-20,0,"wk inc flu hosp",2024-04-20,"22","quantile",0.8,44.7158599961238
2024-04-20,1,"wk inc flu hosp",2024-04-27,"22","quantile",0.8,52.583145316451
2024-04-20,2,"wk inc flu hosp",2024-05-04,"22","quantile",0.8,58.3307466657329
2024-04-20,3,"wk inc flu hosp",2024-05-11,"22","quantile",0.8,63.4245894395952
2024-04-20,-1,"wk inc flu hosp",2024-04-13,"22","quantile",0.85,48.6897258057238
2024-04-20,0,"wk inc flu hosp",2024-04-20,"22","quantile",0.85,48.9578241481934
2024-04-20,1,"wk inc flu hosp",2024-04-27,"22","quantile",0.85,59.2821075917916
2024-04-20,2,"wk inc flu hosp",2024-05-04,"22","quantile",0.85,67.3165477449235
2024-04-20,3,"wk inc flu hosp",2024-05-11,"22","quantile",0.85,74.6236573293583
2024-04-20,-1,"wk inc flu hosp",2024-04-13,"22","quantile",0.9,54.3832618114687
2024-04-20,0,"wk inc flu hosp",2024-04-20,"22","quantile",0.9,54.6481203690639
2024-04-20,1,"wk inc flu hosp",2024-04-27,"22","quantile",0.9,69.136404974078
2024-04-20,2,"wk inc flu hosp",2024-05-04,"22","quantile",0.9,81.4356990204761
2024-04-20,3,"wk inc flu hosp",2024-05-11,"22","quantile",0.9,91.9751454286107
2024-04-20,-1,"wk inc flu hosp",2024-04-13,"22","quantile",0.95,64.2811000735069
2024-04-20,0,"wk inc flu hosp",2024-04-20,"22","quantile",0.95,64.5637307145085
2024-04-20,1,"wk inc flu hosp",2024-04-27,"22","quantile",0.95,87.5490753168688
2024-04-20,2,"wk inc flu hosp",2024-05-04,"22","quantile",0.95,107.611256370808
2024-04-20,3,"wk inc flu hosp",2024-05-11,"22","quantile",0.95,127.669381035946
2024-04-20,-1,"wk inc flu hosp",2024-04-13,"22","quantile",0.975,74.0658105191511
2024-04-20,0,"wk inc flu hosp",2024-04-20,"22","quantile",0.975,74.4912862412348
2024-04-20,1,"wk inc flu hosp",2024-04-27,"22","quantile",0.975,107.353112635479
2024-04-20,2,"wk inc flu hosp",2024-05-04,"22","quantile",0.975,137.820342799025
2024-04-20,3,"wk inc flu hosp",2024-05-11,"22","quantile",0.975,170.776134233989
2024-04-20,-1,"wk inc flu hosp",2024-04-13,"22","quantile",0.99,87.8588514416404
2024-04-20,0,"wk inc flu hosp",2024-04-20,"22","quantile",0.99,87.0906610919487
2024-04-20,1,"wk inc flu hosp",2024-04-27,"22","quantile",0.99,134.667328842435
2024-04-20,2,"wk inc flu hosp",2024-05-04,"22","quantile",0.99,184.550722608592
2024-04-20,3,"wk inc flu hosp",2024-05-11,"22","quantile",0.99,238.612633977493
2024-04-20,-1,"wk inc flu hosp",2024-04-13,"23","quantile",0.01,1.16721395005481
2024-04-20,0,"wk inc flu hosp",2024-04-20,"23","quantile",0.01,1.10067868295526
2024-04-20,1,"wk inc flu hosp",2024-04-27,"23","quantile",0.01,0.0804686155988201
2024-04-20,2,"wk inc flu hosp",2024-05-04,"23","quantile",0.01,0
2024-04-20,3,"wk inc flu hosp",2024-05-11,"23","quantile",0.01,0
2024-04-20,-1,"wk inc flu hosp",2024-04-13,"23","quantile",0.025,1.90423166442111
2024-04-20,0,"wk inc flu hosp",2024-04-20,"23","quantile",0.025,1.84269003887508
2024-04-20,1,"wk inc flu hosp",2024-04-27,"23","quantile",0.025,0.563425910489473
2024-04-20,2,"wk inc flu hosp",2024-05-04,"23","quantile",0.025,0.091277606045316
2024-04-20,3,"wk inc flu hosp",2024-05-11,"23","quantile",0.025,0
2024-04-20,-1,"wk inc flu hosp",2024-04-13,"23","quantile",0.05,2.70399841721571
2024-04-20,0,"wk inc flu hosp",2024-04-20,"23","quantile",0.05,2.65709656348459
2024-04-20,1,"wk inc flu hosp",2024-04-27,"23","quantile",0.05,1.17346655186144
2024-04-20,2,"wk inc flu hosp",2024-05-04,"23","quantile",0.05,0.539137809369344
2024-04-20,3,"wk inc flu hosp",2024-05-11,"23","quantile",0.05,0.213143464713465
2024-04-20,-1,"wk inc flu hosp",2024-04-13,"23","quantile",0.1,3.91427049407452
2024-04-20,0,"wk inc flu hosp",2024-04-20,"23","quantile",0.1,3.86901767232823
2024-04-20,1,"wk inc flu hosp",2024-04-27,"23","quantile",0.1,2.12214080824009
2024-04-20,2,"wk inc flu hosp",2024-05-04,"23","quantile",0.1,1.30572609543394
2024-04-20,3,"wk inc flu hosp",2024-05-11,"23","quantile",0.1,0.859952993346546
2024-04-20,-1,"wk inc flu hosp",2024-04-13,"23","quantile",0.15,4.94145105048703
2024-04-20,0,"wk inc flu hosp",2024-04-20,"23","quantile",0.15,4.9104224763878
2024-04-20,1,"wk inc flu hosp",2024-04-27,"23","quantile",0.15,2.9815147360486
2024-04-20,2,"wk inc flu hosp",2024-05-04,"23","quantile",0.15,2.02755472784319
2024-04-20,3,"wk inc flu hosp",2024-05-11,"23","quantile",0.15,1.48298495223362
2024-04-20,-1,"wk inc flu hosp",2024-04-13,"23","quantile",0.2,5.92018419037476
2024-04-20,0,"wk inc flu hosp",2024-04-20,"23","quantile",0.2,5.89610463741491
2024-04-20,1,"wk inc flu hosp",2024-04-27,"23","quantile",0.2,3.82483360017604
2024-04-20,2,"wk inc flu hosp",2024-05-04,"23","quantile",0.2,2.7658283553701
2024-04-20,3,"wk inc flu hosp",2024-05-11,"23","quantile",0.2,2.14884715659408
2024-04-20,-1,"wk inc flu hosp",2024-04-13,"23","quantile",0.25,6.8595522646972
2024-04-20,0,"wk inc flu hosp",2024-04-20,"23","quantile",0.25,6.79126273983129
2024-04-20,1,"wk inc flu hosp",2024-04-27,"23","quantile",0.25,4.67213172012158
2024-04-20,2,"wk inc flu hosp",2024-05-04,"23","quantile",0.25,3.53591361976568
2024-04-20,3,"wk inc flu hosp",2024-05-11,"23","quantile",0.25,2.83808131807448
2024-04-20,-1,"wk inc flu hosp",2024-04-13,"23","quantile",0.3,7.83004213698452
2024-04-20,0,"wk inc flu hosp",2024-04-20,"23","quantile",0.3,7.74019496929116
2024-04-20,1,"wk inc flu hosp",2024-04-27,"23","quantile",0.3,5.58804648348553
2024-04-20,2,"wk inc flu hosp",2024-05-04,"23","quantile",0.3,4.37657334855194
2024-04-20,3,"wk inc flu hosp",2024-05-11,"23","quantile",0.3,3.59751865811777
2024-04-20,-1,"wk inc flu hosp",2024-04-13,"23","quantile",0.35,8.86490851812894
2024-04-20,0,"wk inc flu hosp",2024-04-20,"23","quantile",0.35,8.67553668380413
2024-04-20,1,"wk inc flu hosp",2024-04-27,"23","quantile",0.35,6.57700515496353
2024-04-20,2,"wk inc flu hosp",2024-05-04,"23","quantile",0.35,5.29391019268947
2024-04-20,3,"wk inc flu hosp",2024-05-11,"23","quantile",0.35,4.42055603209032
2024-04-20,-1,"wk inc flu hosp",2024-04-13,"23","quantile",0.4,9.93898192585914
2024-04-20,0,"wk inc flu hosp",2024-04-20,"23","quantile",0.4,9.69537934156628
2024-04-20,1,"wk inc flu hosp",2024-04-27,"23","quantile",0.4,7.63529504348017
2024-04-20,2,"wk inc flu hosp",2024-05-04,"23","quantile",0.4,6.2541352351523
2024-04-20,3,"wk inc flu hosp",2024-05-11,"23","quantile",0.4,5.37068972637021
2024-04-20,-1,"wk inc flu hosp",2024-04-13,"23","quantile",0.45,11.0837661575269
2024-04-20,0,"wk inc flu hosp",2024-04-20,"23","quantile",0.45,10.8026798996828
2024-04-20,1,"wk inc flu hosp",2024-04-27,"23","quantile",0.45,8.82494960815354
2024-04-20,2,"wk inc flu hosp",2024-05-04,"23","quantile",0.45,7.38173992200281
2024-04-20,3,"wk inc flu hosp",2024-05-11,"23","quantile",0.45,6.44094637519334
2024-04-20,-1,"wk inc flu hosp",2024-04-13,"23","quantile",0.5,12.2691366783431
2024-04-20,0,"wk inc flu hosp",2024-04-20,"23","quantile",0.5,12.0369992163398
2024-04-20,1,"wk inc flu hosp",2024-04-27,"23","quantile",0.5,10.1439195004774
2024-04-20,2,"wk inc flu hosp",2024-05-04,"23","quantile",0.5,8.69202306371412
2024-04-20,3,"wk inc flu hosp",2024-05-11,"23","quantile",0.5,7.70539768981723
2024-04-20,-1,"wk inc flu hosp",2024-04-13,"23","quantile",0.55,13.6234079865778
2024-04-20,0,"wk inc flu hosp",2024-04-20,"23","quantile",0.55,13.3697425012583
2024-04-20,1,"wk inc flu hosp",2024-04-27,"23","quantile",0.55,11.65268319792
2024-04-20,2,"wk inc flu hosp",2024-05-04,"23","quantile",0.55,10.2561412401869
2024-04-20,3,"wk inc flu hosp",2024-05-11,"23","quantile",0.55,9.1788059677372
2024-04-20,-1,"wk inc flu hosp",2024-04-13,"23","quantile",0.6,15.1810862325394
2024-04-20,0,"wk inc flu hosp",2024-04-20,"23","quantile",0.6,14.8383130930294
2024-04-20,1,"wk inc flu hosp",2024-04-27,"23","quantile",0.6,13.3864177263835
2024-04-20,2,"wk inc flu hosp",2024-05-04,"23","quantile",0.6,12.0707794929496
2024-04-20,3,"wk inc flu hosp",2024-05-11,"23","quantile",0.6,10.9532513190781
2024-04-20,-1,"wk inc flu hosp",2024-04-13,"23","quantile",0.65,16.8739097773601
2024-04-20,0,"wk inc flu hosp",2024-04-20,"23","quantile",0.65,16.54891962813
2024-04-20,1,"wk inc flu hosp",2024-04-27,"23","quantile",0.65,15.4832865585813
2024-04-20,2,"wk inc flu hosp",2024-05-04,"23","quantile",0.65,14.191776972823
2024-04-20,3,"wk inc flu hosp",2024-05-11,"23","quantile",0.65,13.1169272849447
2024-04-20,-1,"wk inc flu hosp",2024-04-13,"23","quantile",0.7,18.8524846808503
2024-04-20,0,"wk inc flu hosp",2024-04-20,"23","quantile",0.7,18.5127938760298
2024-04-20,1,"wk inc flu hosp",2024-04-27,"23","quantile",0.7,17.9972998902608
2024-04-20,2,"wk inc flu hosp",2024-05-04,"23","quantile",0.7,16.8581137587882
2024-04-20,3,"wk inc flu hosp",2024-05-11,"23","quantile",0.7,15.7600805072157
2024-04-20,-1,"wk inc flu hosp",2024-04-13,"23","quantile",0.75,21.2697736048068
2024-04-20,0,"wk inc flu hosp",2024-04-20,"23","quantile",0.75,20.9673489758931
2024-04-20,1,"wk inc flu hosp",2024-04-27,"23","quantile",0.75,21.1322596975749
2024-04-20,2,"wk inc flu hosp",2024-05-04,"23","quantile",0.75,20.3368655189442
2024-04-20,3,"wk inc flu hosp",2024-05-11,"23","quantile",0.75,19.4287210879219
2024-04-20,-1,"wk inc flu hosp",2024-04-13,"23","quantile",0.8,24.3194818137162
2024-04-20,0,"wk inc flu hosp",2024-04-20,"23","quantile",0.8,23.9797528566632
2024-04-20,1,"wk inc flu hosp",2024-04-27,"23","quantile",0.8,25.2779674493928
2024-04-20,2,"wk inc flu hosp",2024-05-04,"23","quantile",0.8,25.0334559612437
2024-04-20,3,"wk inc flu hosp",2024-05-11,"23","quantile",0.8,24.4401083883188
2024-04-20,-1,"wk inc flu hosp",2024-04-13,"23","quantile",0.85,28.2865310577351
2024-04-20,0,"wk inc flu hosp",2024-04-20,"23","quantile",0.85,28.0978376898889
2024-04-20,1,"wk inc flu hosp",2024-04-27,"23","quantile",0.85,31.1162038326528
2024-04-20,2,"wk inc flu hosp",2024-05-04,"23","quantile",0.85,31.8796315048846
2024-04-20,3,"wk inc flu hosp",2024-05-11,"23","quantile",0.85,31.937497715503
2024-04-20,-1,"wk inc flu hosp",2024-04-13,"23","quantile",0.9,34.5095449236057
2024-04-20,0,"wk inc flu hosp",2024-04-20,"23","quantile",0.9,34.3337739585981
2024-04-20,1,"wk inc flu hosp",2024-04-27,"23","quantile",0.9,40.2169549377587
2024-04-20,2,"wk inc flu hosp",2024-05-04,"23","quantile",0.9,43.2222728744119
2024-04-20,3,"wk inc flu hosp",2024-05-11,"23","quantile",0.9,44.5732569042517
2024-04-20,-1,"wk inc flu hosp",2024-04-13,"23","quantile",0.95,45.9671447952263
2024-04-20,0,"wk inc flu hosp",2024-04-20,"23","quantile",0.95,45.9174172520718
2024-04-20,1,"wk inc flu hosp",2024-04-27,"23","quantile",0.95,60.2249412476623
2024-04-20,2,"wk inc flu hosp",2024-05-04,"23","quantile",0.95,68.7257667238035
2024-04-20,3,"wk inc flu hosp",2024-05-11,"23","quantile",0.95,72.9645704483538
2024-04-20,-1,"wk inc flu hosp",2024-04-13,"23","quantile",0.975,58.9908961975888
2024-04-20,0,"wk inc flu hosp",2024-04-20,"23","quantile",0.975,59.5121972638926
2024-04-20,1,"wk inc flu hosp",2024-04-27,"23","quantile",0.975,84.1657889402045
2024-04-20,2,"wk inc flu hosp",2024-05-04,"23","quantile",0.975,102.918058339509
2024-04-20,3,"wk inc flu hosp",2024-05-11,"23","quantile",0.975,115.053308373436
2024-04-20,-1,"wk inc flu hosp",2024-04-13,"23","quantile",0.99,80.7213985682538
2024-04-20,0,"wk inc flu hosp",2024-04-20,"23","quantile",0.99,80.5962569737031
2024-04-20,1,"wk inc flu hosp",2024-04-27,"23","quantile",0.99,126.024561167803
2024-04-20,2,"wk inc flu hosp",2024-05-04,"23","quantile",0.99,165.360001854642
2024-04-20,3,"wk inc flu hosp",2024-05-11,"23","quantile",0.99,196.556246329604
2024-04-20,-1,"wk inc flu hosp",2024-04-13,"24","quantile",0.01,10.4359074844018
2024-04-20,0,"wk inc flu hosp",2024-04-20,"24","quantile",0.01,10.148969587306
2024-04-20,1,"wk inc flu hosp",2024-04-27,"24","quantile",0.01,4.6603421148735
2024-04-20,2,"wk inc flu hosp",2024-05-04,"24","quantile",0.01,2.64429032272827
2024-04-20,3,"wk inc flu hosp",2024-05-11,"24","quantile",0.01,1.69427389707304
2024-04-20,-1,"wk inc flu hosp",2024-04-13,"24","quantile",0.025,13.374201955894
2024-04-20,0,"wk inc flu hosp",2024-04-20,"24","quantile",0.025,12.8425683708301
2024-04-20,1,"wk inc flu hosp",2024-04-27,"24","quantile",0.025,6.58216236823958
2024-04-20,2,"wk inc flu hosp",2024-05-04,"24","quantile",0.025,4.09864121282431
2024-04-20,3,"wk inc flu hosp",2024-05-11,"24","quantile",0.025,2.82469716416685
2024-04-20,-1,"wk inc flu hosp",2024-04-13,"24","quantile",0.05,16.3157204471472
2024-04-20,0,"wk inc flu hosp",2024-04-20,"24","quantile",0.05,15.867959128245
2024-04-20,1,"wk inc flu hosp",2024-04-27,"24","quantile",0.05,8.90545880435807
2024-04-20,2,"wk inc flu hosp",2024-05-04,"24","quantile",0.05,5.92220367461721
2024-04-20,3,"wk inc flu hosp",2024-05-11,"24","quantile",0.05,4.17860177253212
2024-04-20,-1,"wk inc flu hosp",2024-04-13,"24","quantile",0.1,20.5234940904861
2024-04-20,0,"wk inc flu hosp",2024-04-20,"24","quantile",0.1,19.9462919824166
2024-04-20,1,"wk inc flu hosp",2024-04-27,"24","quantile",0.1,12.2638439732571
2024-04-20,2,"wk inc flu hosp",2024-05-04,"24","quantile",0.1,8.69772041168804
2024-04-20,3,"wk inc flu hosp",2024-05-11,"24","quantile",0.1,6.5177776394844
2024-04-20,-1,"wk inc flu hosp",2024-04-13,"24","quantile",0.15,23.9526861305496
2024-04-20,0,"wk inc flu hosp",2024-04-20,"24","quantile",0.15,23.3579784895232
2024-04-20,1,"wk inc flu hosp",2024-04-27,"24","quantile",0.15,15.2032512377187
2024-04-20,2,"wk inc flu hosp",2024-05-04,"24","quantile",0.15,11.0818948090754
2024-04-20,3,"wk inc flu hosp",2024-05-11,"24","quantile",0.15,8.73040931301194
2024-04-20,-1,"wk inc flu hosp",2024-04-13,"24","quantile",0.2,26.9782185403558
2024-04-20,0,"wk inc flu hosp",2024-04-20,"24","quantile",0.2,26.3527404841345
2024-04-20,1,"wk inc flu hosp",2024-04-27,"24","quantile",0.2,17.9879101125151
2024-04-20,2,"wk inc flu hosp",2024-05-04,"24","quantile",0.2,13.4533463984428
2024-04-20,3,"wk inc flu hosp",2024-05-11,"24","quantile",0.2,10.8245171598902
2024-04-20,-1,"wk inc flu hosp",2024-04-13,"24","quantile",0.25,29.7692412120565
2024-04-20,0,"wk inc flu hosp",2024-04-20,"24","quantile",0.25,29.1671375419606
2024-04-20,1,"wk inc flu hosp",2024-04-27,"24","quantile",0.25,20.7612835998677
2024-04-20,2,"wk inc flu hosp",2024-05-04,"24","quantile",0.25,15.8967139715518
2024-04-20,3,"wk inc flu hosp",2024-05-11,"24","quantile",0.25,13.051581893469
2024-04-20,-1,"wk inc flu hosp",2024-04-13,"24","quantile",0.3,32.6547950755293
2024-04-20,0,"wk inc flu hosp",2024-04-20,"24","quantile",0.3,32.0083256846312
2024-04-20,1,"wk inc flu hosp",2024-04-27,"24","quantile",0.3,23.5988445440476
2024-04-20,2,"wk inc flu hosp",2024-05-04,"24","quantile",0.3,18.4805718216098
2024-04-20,3,"wk inc flu hosp",2024-05-11,"24","quantile",0.3,15.3330507076301
2024-04-20,-1,"wk inc flu hosp",2024-04-13,"24","quantile",0.35,35.5100829924835
2024-04-20,0,"wk inc flu hosp",2024-04-20,"24","quantile",0.35,34.8952781637153
2024-04-20,1,"wk inc flu hosp",2024-04-27,"24","quantile",0.35,26.5045006245597
2024-04-20,2,"wk inc flu hosp",2024-05-04,"24","quantile",0.35,21.2358630986261
2024-04-20,3,"wk inc flu hosp",2024-05-11,"24","quantile",0.35,17.7764685463083
2024-04-20,-1,"wk inc flu hosp",2024-04-13,"24","quantile",0.4,38.3952389037139
2024-04-20,0,"wk inc flu hosp",2024-04-20,"24","quantile",0.4,37.8061197520051
2024-04-20,1,"wk inc flu hosp",2024-04-27,"24","quantile",0.4,29.5703551531593
2024-04-20,2,"wk inc flu hosp",2024-05-04,"24","quantile",0.4,24.2531671052174
2024-04-20,3,"wk inc flu hosp",2024-05-11,"24","quantile",0.4,20.6075412305612
2024-04-20,-1,"wk inc flu hosp",2024-04-13,"24","quantile",0.45,41.5062209019953
2024-04-20,0,"wk inc flu hosp",2024-04-20,"24","quantile",0.45,40.8365673496381
2024-04-20,1,"wk inc flu hosp",2024-04-27,"24","quantile",0.45,32.8055441976803
2024-04-20,2,"wk inc flu hosp",2024-05-04,"24","quantile",0.45,27.544017018785
2024-04-20,3,"wk inc flu hosp",2024-05-11,"24","quantile",0.45,23.7849902390616
2024-04-20,-1,"wk inc flu hosp",2024-04-13,"24","quantile",0.5,44.8045070520754
2024-04-20,0,"wk inc flu hosp",2024-04-20,"24","quantile",0.5,44.0225602169909
2024-04-20,1,"wk inc flu hosp",2024-04-27,"24","quantile",0.5,36.3453451032915
2024-04-20,2,"wk inc flu hosp",2024-05-04,"24","quantile",0.5,31.2159817742571
2024-04-20,3,"wk inc flu hosp",2024-05-11,"24","quantile",0.5,27.3880940824971
2024-04-20,-1,"wk inc flu hosp",2024-04-13,"24","quantile",0.55,48.2457455168515
2024-04-20,0,"wk inc flu hosp",2024-04-20,"24","quantile",0.55,47.6218605659384
2024-04-20,1,"wk inc flu hosp",2024-04-27,"24","quantile",0.55,40.4909307413308
2024-04-20,2,"wk inc flu hosp",2024-05-04,"24","quantile",0.55,35.4973639252079
2024-04-20,3,"wk inc flu hosp",2024-05-11,"24","quantile",0.55,31.3984099625261
2024-04-20,-1,"wk inc flu hosp",2024-04-13,"24","quantile",0.6,52.1661953769152
2024-04-20,0,"wk inc flu hosp",2024-04-20,"24","quantile",0.6,51.3972462019546
2024-04-20,1,"wk inc flu hosp",2024-04-27,"24","quantile",0.6,45.1416220578928
2024-04-20,2,"wk inc flu hosp",2024-05-04,"24","quantile",0.6,40.1393759131566
2024-04-20,3,"wk inc flu hosp",2024-05-11,"24","quantile",0.6,36.0822174966817
2024-04-20,-1,"wk inc flu hosp",2024-04-13,"24","quantile",0.65,56.3796726289277
2024-04-20,0,"wk inc flu hosp",2024-04-20,"24","quantile",0.65,55.5699140126582
2024-04-20,1,"wk inc flu hosp",2024-04-27,"24","quantile",0.65,50.3087896745082
2024-04-20,2,"wk inc flu hosp",2024-05-04,"24","quantile",0.65,45.7839778086023
2024-04-20,3,"wk inc flu hosp",2024-05-11,"24","quantile",0.65,41.7787942870234
2024-04-20,-1,"wk inc flu hosp",2024-04-13,"24","quantile",0.7,61.1405799048471
2024-04-20,0,"wk inc flu hosp",2024-04-20,"24","quantile",0.7,60.2888405034216
2024-04-20,1,"wk inc flu hosp",2024-04-27,"24","quantile",0.7,56.6027469230975
2024-04-20,2,"wk inc flu hosp",2024-05-04,"24","quantile",0.7,52.7287745199399
2024-04-20,3,"wk inc flu hosp",2024-05-11,"24","quantile",0.7,48.8486688816412
2024-04-20,-1,"wk inc flu hosp",2024-04-13,"24","quantile",0.75,66.934341307565
2024-04-20,0,"wk inc flu hosp",2024-04-20,"24","quantile",0.75,66.013165714072
2024-04-20,1,"wk inc flu hosp",2024-04-27,"24","quantile",0.75,63.9919225326767
2024-04-20,2,"wk inc flu hosp",2024-05-04,"24","quantile",0.75,61.4095750891872
2024-04-20,3,"wk inc flu hosp",2024-05-11,"24","quantile",0.75,57.9658205897292
2024-04-20,-1,"wk inc flu hosp",2024-04-13,"24","quantile",0.8,73.9673761169763
2024-04-20,0,"wk inc flu hosp",2024-04-20,"24","quantile",0.8,72.8806826033388
2024-04-20,1,"wk inc flu hosp",2024-04-27,"24","quantile",0.8,74.0843780498796
2024-04-20,2,"wk inc flu hosp",2024-05-04,"24","quantile",0.8,72.9734871772115
2024-04-20,3,"wk inc flu hosp",2024-05-11,"24","quantile",0.8,70.4337256806451
2024-04-20,-1,"wk inc flu hosp",2024-04-13,"24","quantile",0.85,83.1549919762186
2024-04-20,0,"wk inc flu hosp",2024-04-20,"24","quantile",0.85,82.0858497155185
2024-04-20,1,"wk inc flu hosp",2024-04-27,"24","quantile",0.85,87.1040670601083
2024-04-20,2,"wk inc flu hosp",2024-05-04,"24","quantile",0.85,88.9966423748308
2024-04-20,3,"wk inc flu hosp",2024-05-11,"24","quantile",0.85,88.8864626195248
2024-04-20,-1,"wk inc flu hosp",2024-04-13,"24","quantile",0.9,96.5250199637494
2024-04-20,0,"wk inc flu hosp",2024-04-20,"24","quantile",0.9,95.0683763857271
2024-04-20,1,"wk inc flu hosp",2024-04-27,"24","quantile",0.9,107.203059876428
2024-04-20,2,"wk inc flu hosp",2024-05-04,"24","quantile",0.9,114.700254855745
2024-04-20,3,"wk inc flu hosp",2024-05-11,"24","quantile",0.9,119.126720770668
2024-04-20,-1,"wk inc flu hosp",2024-04-13,"24","quantile",0.95,119.826696193016
2024-04-20,0,"wk inc flu hosp",2024-04-20,"24","quantile",0.95,118.775972419207
2024-04-20,1,"wk inc flu hosp",2024-04-27,"24","quantile",0.95,147.727140369774
2024-04-20,2,"wk inc flu hosp",2024-05-04,"24","quantile",0.95,166.83868591644
2024-04-20,3,"wk inc flu hosp",2024-05-11,"24","quantile",0.95,186.696503314846
2024-04-20,-1,"wk inc flu hosp",2024-04-13,"24","quantile",0.975,146.882671374657
2024-04-20,0,"wk inc flu hosp",2024-04-20,"24","quantile",0.975,145.042407332113
2024-04-20,1,"wk inc flu hosp",2024-04-27,"24","quantile",0.975,193.87514859872
2024-04-20,2,"wk inc flu hosp",2024-05-04,"24","quantile",0.975,238.291033316541
2024-04-20,3,"wk inc flu hosp",2024-05-11,"24","quantile",0.975,275.00324384213
2024-04-20,-1,"wk inc flu hosp",2024-04-13,"24","quantile",0.99,184.967569717624
2024-04-20,0,"wk inc flu hosp",2024-04-20,"24","quantile",0.99,181.413831571058
2024-04-20,1,"wk inc flu hosp",2024-04-27,"24","quantile",0.99,272.563680742799
2024-04-20,2,"wk inc flu hosp",2024-05-04,"24","quantile",0.99,362.029779058357
2024-04-20,3,"wk inc flu hosp",2024-05-11,"24","quantile",0.99,434.957185930529
2024-04-20,-1,"wk inc flu hosp",2024-04-13,"25","quantile",0.01,52.1568903508801
2024-04-20,0,"wk inc flu hosp",2024-04-20,"25","quantile",0.01,49.3381459352344
2024-04-20,1,"wk inc flu hosp",2024-04-27,"25","quantile",0.01,24.6106993423972
2024-04-20,2,"wk inc flu hosp",2024-05-04,"25","quantile",0.01,14.8458690975407
2024-04-20,3,"wk inc flu hosp",2024-05-11,"25","quantile",0.01,9.69499730211594
2024-04-20,-1,"wk inc flu hosp",2024-04-13,"25","quantile",0.025,61.2062872620064
2024-04-20,0,"wk inc flu hosp",2024-04-20,"25","quantile",0.025,57.876100965463
2024-04-20,1,"wk inc flu hosp",2024-04-27,"25","quantile",0.025,31.3043311259826
2024-04-20,2,"wk inc flu hosp",2024-05-04,"25","quantile",0.025,19.6372153386457
2024-04-20,3,"wk inc flu hosp",2024-05-11,"25","quantile",0.025,13.3178461900696
2024-04-20,-1,"wk inc flu hosp",2024-04-13,"25","quantile",0.05,70.1599232320936
2024-04-20,0,"wk inc flu hosp",2024-04-20,"25","quantile",0.05,66.7226819907124
2024-04-20,1,"wk inc flu hosp",2024-04-27,"25","quantile",0.05,38.4588161654591
2024-04-20,2,"wk inc flu hosp",2024-05-04,"25","quantile",0.05,24.8700305879612
2024-04-20,3,"wk inc flu hosp",2024-05-11,"25","quantile",0.05,17.5413831336441
2024-04-20,-1,"wk inc flu hosp",2024-04-13,"25","quantile",0.1,82.7706083560589
2024-04-20,0,"wk inc flu hosp",2024-04-20,"25","quantile",0.1,78.3402333459536
2024-04-20,1,"wk inc flu hosp",2024-04-27,"25","quantile",0.1,48.0423441639269
2024-04-20,2,"wk inc flu hosp",2024-05-04,"25","quantile",0.1,32.5810715596789
2024-04-20,3,"wk inc flu hosp",2024-05-11,"25","quantile",0.1,23.6858420670008
2024-04-20,-1,"wk inc flu hosp",2024-04-13,"25","quantile",0.15,92.3788589774056
2024-04-20,0,"wk inc flu hosp",2024-04-20,"25","quantile",0.15,87.571044925761
2024-04-20,1,"wk inc flu hosp",2024-04-27,"25","quantile",0.15,55.8693665910697
2024-04-20,2,"wk inc flu hosp",2024-05-04,"25","quantile",0.15,39.0619853662156
2024-04-20,3,"wk inc flu hosp",2024-05-11,"25","quantile",0.15,29.1483988105335
2024-04-20,-1,"wk inc flu hosp",2024-04-13,"25","quantile",0.2,100.864818476184
2024-04-20,0,"wk inc flu hosp",2024-04-20,"25","quantile",0.2,95.3474439954776
2024-04-20,1,"wk inc flu hosp",2024-04-27,"25","quantile",0.2,63.1878555430291
2024-04-20,2,"wk inc flu hosp",2024-05-04,"25","quantile",0.2,45.5640510591877
2024-04-20,3,"wk inc flu hosp",2024-05-11,"25","quantile",0.2,34.5512657853442
2024-04-20,-1,"wk inc flu hosp",2024-04-13,"25","quantile",0.25,108.72298644812
2024-04-20,0,"wk inc flu hosp",2024-04-20,"25","quantile",0.25,102.487439145603
2024-04-20,1,"wk inc flu hosp",2024-04-27,"25","quantile",0.25,70.3581573942129
2024-04-20,2,"wk inc flu hosp",2024-05-04,"25","quantile",0.25,51.7489880206716
2024-04-20,3,"wk inc flu hosp",2024-05-11,"25","quantile",0.25,39.9040024972938
2024-04-20,-1,"wk inc flu hosp",2024-04-13,"25","quantile",0.3,116.069378692793
2024-04-20,0,"wk inc flu hosp",2024-04-20,"25","quantile",0.3,109.568458500507
2024-04-20,1,"wk inc flu hosp",2024-04-27,"25","quantile",0.3,77.2031336021628
2024-04-20,2,"wk inc flu hosp",2024-05-04,"25","quantile",0.3,57.9794876363773
2024-04-20,3,"wk inc flu hosp",2024-05-11,"25","quantile",0.3,45.5592825775003
2024-04-20,-1,"wk inc flu hosp",2024-04-13,"25","quantile",0.35,123.739490163717
2024-04-20,0,"wk inc flu hosp",2024-04-20,"25","quantile",0.35,116.442292169001
2024-04-20,1,"wk inc flu hosp",2024-04-27,"25","quantile",0.35,84.4083603585795
2024-04-20,2,"wk inc flu hosp",2024-05-04,"25","quantile",0.35,64.2289484660523
2024-04-20,3,"wk inc flu hosp",2024-05-11,"25","quantile",0.35,51.3650617076373
2024-04-20,-1,"wk inc flu hosp",2024-04-13,"25","quantile",0.4,131.067162211273
2024-04-20,0,"wk inc flu hosp",2024-04-20,"25","quantile",0.4,123.469427061564
2024-04-20,1,"wk inc flu hosp",2024-04-27,"25","quantile",0.4,91.8344517942082
2024-04-20,2,"wk inc flu hosp",2024-05-04,"25","quantile",0.4,70.8408855277816
2024-04-20,3,"wk inc flu hosp",2024-05-11,"25","quantile",0.4,57.4140553425936
2024-04-20,-1,"wk inc flu hosp",2024-04-13,"25","quantile",0.45,138.57995573108
2024-04-20,0,"wk inc flu hosp",2024-04-20,"25","quantile",0.45,130.57944997989
2024-04-20,1,"wk inc flu hosp",2024-04-27,"25","quantile",0.45,99.5725691409677
2024-04-20,2,"wk inc flu hosp",2024-05-04,"25","quantile",0.45,78.3544478201623
2024-04-20,3,"wk inc flu hosp",2024-05-11,"25","quantile",0.45,64.0258332684982
2024-04-20,-1,"wk inc flu hosp",2024-04-13,"25","quantile",0.5,146.366824987559
2024-04-20,0,"wk inc flu hosp",2024-04-20,"25","quantile",0.5,138.213095256601
2024-04-20,1,"wk inc flu hosp",2024-04-27,"25","quantile",0.5,107.727450729391
2024-04-20,2,"wk inc flu hosp",2024-05-04,"25","quantile",0.5,86.1551841378883
2024-04-20,3,"wk inc flu hosp",2024-05-11,"25","quantile",0.5,71.922554780484
2024-04-20,-1,"wk inc flu hosp",2024-04-13,"25","quantile",0.55,154.627095266741
2024-04-20,0,"wk inc flu hosp",2024-04-20,"25","quantile",0.55,146.047609251132
2024-04-20,1,"wk inc flu hosp",2024-04-27,"25","quantile",0.55,116.410146114139
2024-04-20,2,"wk inc flu hosp",2024-05-04,"25","quantile",0.55,94.968316630447
2024-04-20,3,"wk inc flu hosp",2024-05-11,"25","quantile",0.55,79.9753703410088
2024-04-20,-1,"wk inc flu hosp",2024-04-13,"25","quantile",0.6,163.475589862847
2024-04-20,0,"wk inc flu hosp",2024-04-20,"25","quantile",0.6,154.495352620305
2024-04-20,1,"wk inc flu hosp",2024-04-27,"25","quantile",0.6,126.116160188002
2024-04-20,2,"wk inc flu hosp",2024-05-04,"25","quantile",0.6,105.144581605817
2024-04-20,3,"wk inc flu hosp",2024-05-11,"25","quantile",0.6,89.7131449772474
2024-04-20,-1,"wk inc flu hosp",2024-04-13,"25","quantile",0.65,173.230310392237
2024-04-20,0,"wk inc flu hosp",2024-04-20,"25","quantile",0.65,163.813695439504
2024-04-20,1,"wk inc flu hosp",2024-04-27,"25","quantile",0.65,136.910287252081
2024-04-20,2,"wk inc flu hosp",2024-05-04,"25","quantile",0.65,116.910731278448
2024-04-20,3,"wk inc flu hosp",2024-05-11,"25","quantile",0.65,101.128414550085
2024-04-20,-1,"wk inc flu hosp",2024-04-13,"25","quantile",0.7,184.161932164529
2024-04-20,0,"wk inc flu hosp",2024-04-20,"25","quantile",0.7,174.109248298783
2024-04-20,1,"wk inc flu hosp",2024-04-27,"25","quantile",0.7,149.942765005241
2024-04-20,2,"wk inc flu hosp",2024-05-04,"25","quantile",0.7,130.793138434797
2024-04-20,3,"wk inc flu hosp",2024-05-11,"25","quantile",0.7,115.060843166158
2024-04-20,-1,"wk inc flu hosp",2024-04-13,"25","quantile",0.75,197.16905678163
2024-04-20,0,"wk inc flu hosp",2024-04-20,"25","quantile",0.75,186.056821436989
2024-04-20,1,"wk inc flu hosp",2024-04-27,"25","quantile",0.75,165.372513485161
2024-04-20,2,"wk inc flu hosp",2024-05-04,"25","quantile",0.75,147.723805089106
2024-04-20,3,"wk inc flu hosp",2024-05-11,"25","quantile",0.75,131.705076211254
2024-04-20,-1,"wk inc flu hosp",2024-04-13,"25","quantile",0.8,212.195409715782
2024-04-20,0,"wk inc flu hosp",2024-04-20,"25","quantile",0.8,200.540110019441
2024-04-20,1,"wk inc flu hosp",2024-04-27,"25","quantile",0.8,184.662455275337
2024-04-20,2,"wk inc flu hosp",2024-05-04,"25","quantile",0.8,168.987732972003
2024-04-20,3,"wk inc flu hosp",2024-05-11,"25","quantile",0.8,154.174387936146
2024-04-20,-1,"wk inc flu hosp",2024-04-13,"25","quantile",0.85,231.704088884621
2024-04-20,0,"wk inc flu hosp",2024-04-20,"25","quantile",0.85,218.19283955916
2024-04-20,1,"wk inc flu hosp",2024-04-27,"25","quantile",0.85,209.936002622325
2024-04-20,2,"wk inc flu hosp",2024-05-04,"25","quantile",0.85,198.041907634682
2024-04-20,3,"wk inc flu hosp",2024-05-11,"25","quantile",0.85,184.917320602309
2024-04-20,-1,"wk inc flu hosp",2024-04-13,"25","quantile",0.9,259.079130244533
2024-04-20,0,"wk inc flu hosp",2024-04-20,"25","quantile",0.9,243.026908544797
2024-04-20,1,"wk inc flu hosp",2024-04-27,"25","quantile",0.9,246.868883738896
2024-04-20,2,"wk inc flu hosp",2024-05-04,"25","quantile",0.9,241.316569723179
2024-04-20,3,"wk inc flu hosp",2024-05-11,"25","quantile",0.9,233.580557319678
2024-04-20,-1,"wk inc flu hosp",2024-04-13,"25","quantile",0.95,304.82461302794
2024-04-20,0,"wk inc flu hosp",2024-04-20,"25","quantile",0.95,285.011558275563
2024-04-20,1,"wk inc flu hosp",2024-04-27,"25","quantile",0.95,312.048991741995
2024-04-20,2,"wk inc flu hosp",2024-05-04,"25","quantile",0.95,330.157839599108
2024-04-20,3,"wk inc flu hosp",2024-05-11,"25","quantile",0.95,332.66762515599
2024-04-20,-1,"wk inc flu hosp",2024-04-13,"25","quantile",0.975,352.112234150564
2024-04-20,0,"wk inc flu hosp",2024-04-20,"25","quantile",0.975,328.032128190621
2024-04-20,1,"wk inc flu hosp",2024-04-27,"25","quantile",0.975,390.528353173814
2024-04-20,2,"wk inc flu hosp",2024-05-04,"25","quantile",0.975,428.809381738495
2024-04-20,3,"wk inc flu hosp",2024-05-11,"25","quantile",0.975,456.042190036929
2024-04-20,-1,"wk inc flu hosp",2024-04-13,"25","quantile",0.99,418.556977409129
2024-04-20,0,"wk inc flu hosp",2024-04-20,"25","quantile",0.99,390.200853241548
2024-04-20,1,"wk inc flu hosp",2024-04-27,"25","quantile",0.99,502.674498832307
2024-04-20,2,"wk inc flu hosp",2024-05-04,"25","quantile",0.99,592.077991356101
2024-04-20,3,"wk inc flu hosp",2024-05-11,"25","quantile",0.99,675.768391360282
2024-04-20,-1,"wk inc flu hosp",2024-04-13,"26","quantile",0.01,75.0694455732567
2024-04-20,0,"wk inc flu hosp",2024-04-20,"26","quantile",0.01,71.6986654382651
2024-04-20,1,"wk inc flu hosp",2024-04-27,"26","quantile",0.01,33.1753975271303
2024-04-20,2,"wk inc flu hosp",2024-05-04,"26","quantile",0.01,18.3817069072516
2024-04-20,3,"wk inc flu hosp",2024-05-11,"26","quantile",0.01,11.2366304702369
2024-04-20,-1,"wk inc flu hosp",2024-04-13,"26","quantile",0.025,92.6513242666797
2024-04-20,0,"wk inc flu hosp",2024-04-20,"26","quantile",0.025,89.6891165238687
2024-04-20,1,"wk inc flu hosp",2024-04-27,"26","quantile",0.025,44.8304492997965
2024-04-20,2,"wk inc flu hosp",2024-05-04,"26","quantile",0.025,26.3980070943082
2024-04-20,3,"wk inc flu hosp",2024-05-11,"26","quantile",0.025,17.2911103092571
2024-04-20,-1,"wk inc flu hosp",2024-04-13,"26","quantile",0.05,110.926046116899
2024-04-20,0,"wk inc flu hosp",2024-04-20,"26","quantile",0.05,107.842548932954
2024-04-20,1,"wk inc flu hosp",2024-04-27,"26","quantile",0.05,57.954094677502
2024-04-20,2,"wk inc flu hosp",2024-05-04,"26","quantile",0.05,36.2783285888262
2024-04-20,3,"wk inc flu hosp",2024-05-11,"26","quantile",0.05,24.720479761772
2024-04-20,-1,"wk inc flu hosp",2024-04-13,"26","quantile",0.1,137.530365256653
2024-04-20,0,"wk inc flu hosp",2024-04-20,"26","quantile",0.1,132.306747518076
2024-04-20,1,"wk inc flu hosp",2024-04-27,"26","quantile",0.1,78.8286526681662
2024-04-20,2,"wk inc flu hosp",2024-05-04,"26","quantile",0.1,52.0855878575256
2024-04-20,3,"wk inc flu hosp",2024-05-11,"26","quantile",0.1,36.6619996204863
2024-04-20,-1,"wk inc flu hosp",2024-04-13,"26","quantile",0.15,158.537296405292
2024-04-20,0,"wk inc flu hosp",2024-04-20,"26","quantile",0.15,152.263036838466
2024-04-20,1,"wk inc flu hosp",2024-04-27,"26","quantile",0.15,96.4870669816603
2024-04-20,2,"wk inc flu hosp",2024-05-04,"26","quantile",0.15,66.5659247530795
2024-04-20,3,"wk inc flu hosp",2024-05-11,"26","quantile",0.15,48.3196720688628
2024-04-20,-1,"wk inc flu hosp",2024-04-13,"26","quantile",0.2,176.86175959661
2024-04-20,0,"wk inc flu hosp",2024-04-20,"26","quantile",0.2,170.490009567567
2024-04-20,1,"wk inc flu hosp",2024-04-27,"26","quantile",0.2,113.590946562467
2024-04-20,2,"wk inc flu hosp",2024-05-04,"26","quantile",0.2,80.6229594722556
2024-04-20,3,"wk inc flu hosp",2024-05-11,"26","quantile",0.2,60.6752359712949
2024-04-20,-1,"wk inc flu hosp",2024-04-13,"26","quantile",0.25,194.018114193101
2024-04-20,0,"wk inc flu hosp",2024-04-20,"26","quantile",0.25,187.27018795469
2024-04-20,1,"wk inc flu hosp",2024-04-27,"26","quantile",0.25,130.303605896583
2024-04-20,2,"wk inc flu hosp",2024-05-04,"26","quantile",0.25,95.591176619622
2024-04-20,3,"wk inc flu hosp",2024-05-11,"26","quantile",0.25,73.515185562258
2024-04-20,-1,"wk inc flu hosp",2024-04-13,"26","quantile",0.3,210.318047351847
2024-04-20,0,"wk inc flu hosp",2024-04-20,"26","quantile",0.3,204.139056249593
2024-04-20,1,"wk inc flu hosp",2024-04-27,"26","quantile",0.3,147.085017578966
2024-04-20,2,"wk inc flu hosp",2024-05-04,"26","quantile",0.3,111.076897335641
2024-04-20,3,"wk inc flu hosp",2024-05-11,"26","quantile",0.3,87.1396980593714
2024-04-20,-1,"wk inc flu hosp",2024-04-13,"26","quantile",0.35,227.72447912871
2024-04-20,0,"wk inc flu hosp",2024-04-20,"26","quantile",0.35,220.874419091539
2024-04-20,1,"wk inc flu hosp",2024-04-27,"26","quantile",0.35,165.027670808882
2024-04-20,2,"wk inc flu hosp",2024-05-04,"26","quantile",0.35,128.527893547355
2024-04-20,3,"wk inc flu hosp",2024-05-11,"26","quantile",0.35,102.009237857335
2024-04-20,-1,"wk inc flu hosp",2024-04-13,"26","quantile",0.4,245.915164522308
2024-04-20,0,"wk inc flu hosp",2024-04-20,"26","quantile",0.4,237.739502778211
2024-04-20,1,"wk inc flu hosp",2024-04-27,"26","quantile",0.4,184.112240866368
2024-04-20,2,"wk inc flu hosp",2024-05-04,"26","quantile",0.4,146.237629657581
2024-04-20,3,"wk inc flu hosp",2024-05-11,"26","quantile",0.4,119.067318275912
2024-04-20,-1,"wk inc flu hosp",2024-04-13,"26","quantile",0.45,265.382412614586
2024-04-20,0,"wk inc flu hosp",2024-04-20,"26","quantile",0.45,255.552436738546
2024-04-20,1,"wk inc flu hosp",2024-04-27,"26","quantile",0.45,204.593627356399
2024-04-20,2,"wk inc flu hosp",2024-05-04,"26","quantile",0.45,166.786812749905
2024-04-20,3,"wk inc flu hosp",2024-05-11,"26","quantile",0.45,138.704023247628
2024-04-20,-1,"wk inc flu hosp",2024-04-13,"26","quantile",0.5,284.677185212581
2024-04-20,0,"wk inc flu hosp",2024-04-20,"26","quantile",0.5,273.961706920786
2024-04-20,1,"wk inc flu hosp",2024-04-27,"26","quantile",0.5,227.292801265618
2024-04-20,2,"wk inc flu hosp",2024-05-04,"26","quantile",0.5,189.720703725967
2024-04-20,3,"wk inc flu hosp",2024-05-11,"26","quantile",0.5,161.054541073784
2024-04-20,-1,"wk inc flu hosp",2024-04-13,"26","quantile",0.55,305.663957387965
2024-04-20,0,"wk inc flu hosp",2024-04-20,"26","quantile",0.55,294.327985295292
2024-04-20,1,"wk inc flu hosp",2024-04-27,"26","quantile",0.55,252.742139865561
2024-04-20,2,"wk inc flu hosp",2024-05-04,"26","quantile",0.55,216.791564035315
2024-04-20,3,"wk inc flu hosp",2024-05-11,"26","quantile",0.55,186.87919642045
2024-04-20,-1,"wk inc flu hosp",2024-04-13,"26","quantile",0.6,329.54689682257
2024-04-20,0,"wk inc flu hosp",2024-04-20,"26","quantile",0.6,316.523002207862
2024-04-20,1,"wk inc flu hosp",2024-04-27,"26","quantile",0.6,280.418778909634
2024-04-20,2,"wk inc flu hosp",2024-05-04,"26","quantile",0.6,247.744112964961
2024-04-20,3,"wk inc flu hosp",2024-05-11,"26","quantile",0.6,216.732503034874
2024-04-20,-1,"wk inc flu hosp",2024-04-13,"26","quantile",0.65,355.594052258866
2024-04-20,0,"wk inc flu hosp",2024-04-20,"26","quantile",0.65,341.368570130262
2024-04-20,1,"wk inc flu hosp",2024-04-27,"26","quantile",0.65,312.798739503442
2024-04-20,2,"wk inc flu hosp",2024-05-04,"26","quantile",0.65,285.002121977374
2024-04-20,3,"wk inc flu hosp",2024-05-11,"26","quantile",0.65,253.798993225875
2024-04-20,-1,"wk inc flu hosp",2024-04-13,"26","quantile",0.7,384.292041563004
2024-04-20,0,"wk inc flu hosp",2024-04-20,"26","quantile",0.7,370.144048366588
2024-04-20,1,"wk inc flu hosp",2024-04-27,"26","quantile",0.7,352.58545560448
2024-04-20,2,"wk inc flu hosp",2024-05-04,"26","quantile",0.7,329.592978465977
2024-04-20,3,"wk inc flu hosp",2024-05-11,"26","quantile",0.7,300.346562252992
2024-04-20,-1,"wk inc flu hosp",2024-04-13,"26","quantile",0.75,419.31976801453
2024-04-20,0,"wk inc flu hosp",2024-04-20,"26","quantile",0.75,402.374242768271
2024-04-20,1,"wk inc flu hosp",2024-04-27,"26","quantile",0.75,401.289296737153
2024-04-20,2,"wk inc flu hosp",2024-05-04,"26","quantile",0.75,386.999160474532
2024-04-20,3,"wk inc flu hosp",2024-05-11,"26","quantile",0.75,361.532409614112
2024-04-20,-1,"wk inc flu hosp",2024-04-13,"26","quantile",0.8,462.930162616463
2024-04-20,0,"wk inc flu hosp",2024-04-20,"26","quantile",0.8,443.151872002373
2024-04-20,1,"wk inc flu hosp",2024-04-27,"26","quantile",0.8,462.734095604358
2024-04-20,2,"wk inc flu hosp",2024-05-04,"26","quantile",0.8,462.082358580163
2024-04-20,3,"wk inc flu hosp",2024-05-11,"26","quantile",0.8,448.366224479198
2024-04-20,-1,"wk inc flu hosp",2024-04-13,"26","quantile",0.85,517.336523201011
2024-04-20,0,"wk inc flu hosp",2024-04-20,"26","quantile",0.85,496.370504555943
2024-04-20,1,"wk inc flu hosp",2024-04-27,"26","quantile",0.85,546.495133668945
2024-04-20,2,"wk inc flu hosp",2024-05-04,"26","quantile",0.85,570.254257871954
2024-04-20,3,"wk inc flu hosp",2024-05-11,"26","quantile",0.85,577.2424759267
2024-04-20,-1,"wk inc flu hosp",2024-04-13,"26","quantile",0.9,594.964412411029
2024-04-20,0,"wk inc flu hosp",2024-04-20,"26","quantile",0.9,573.37146601979
2024-04-20,1,"wk inc flu hosp",2024-04-27,"26","quantile",0.9,675.539452675893
2024-04-20,2,"wk inc flu hosp",2024-05-04,"26","quantile",0.9,740.499282952037
2024-04-20,3,"wk inc flu hosp",2024-05-11,"26","quantile",0.9,797.99726595512
2024-04-20,-1,"wk inc flu hosp",2024-04-13,"26","quantile",0.95,733.863336967006
2024-04-20,0,"wk inc flu hosp",2024-04-20,"26","quantile",0.95,712.361003380307
2024-04-20,1,"wk inc flu hosp",2024-04-27,"26","quantile",0.95,927.797369207703
2024-04-20,2,"wk inc flu hosp",2024-05-04,"26","quantile",0.95,1112.379713248
2024-04-20,3,"wk inc flu hosp",2024-05-11,"26","quantile",0.95,1321.13729311397
2024-04-20,-1,"wk inc flu hosp",2024-04-13,"26","quantile",0.975,875.788035609358
2024-04-20,0,"wk inc flu hosp",2024-04-20,"26","quantile",0.975,854.415857274897
2024-04-20,1,"wk inc flu hosp",2024-04-27,"26","quantile",0.975,1213.44668397197
2024-04-20,2,"wk inc flu hosp",2024-05-04,"26","quantile",0.975,1583.41442756069
2024-04-20,3,"wk inc flu hosp",2024-05-11,"26","quantile",0.975,1994.8866835782
2024-04-20,-1,"wk inc flu hosp",2024-04-13,"26","quantile",0.99,1083.30379888969
2024-04-20,0,"wk inc flu hosp",2024-04-20,"26","quantile",0.99,1066.55549049983
2024-04-20,1,"wk inc flu hosp",2024-04-27,"26","quantile",0.99,1685.53575617386
2024-04-20,2,"wk inc flu hosp",2024-05-04,"26","quantile",0.99,2367.803516462
2024-04-20,3,"wk inc flu hosp",2024-05-11,"26","quantile",0.99,3443.93521440619
2024-04-20,-1,"wk inc flu hosp",2024-04-13,"27","quantile",0.01,12.7785578010648
2024-04-20,0,"wk inc flu hosp",2024-04-20,"27","quantile",0.01,12.8412451763168
2024-04-20,1,"wk inc flu hosp",2024-04-27,"27","quantile",0.01,5.67791552720863
2024-04-20,2,"wk inc flu hosp",2024-05-04,"27","quantile",0.01,2.6864773538171
2024-04-20,3,"wk inc flu hosp",2024-05-11,"27","quantile",0.01,1.36384526521942
2024-04-20,-1,"wk inc flu hosp",2024-04-13,"27","quantile",0.025,16.9177902605814
2024-04-20,0,"wk inc flu hosp",2024-04-20,"27","quantile",0.025,16.8101549933947
2024-04-20,1,"wk inc flu hosp",2024-04-27,"27","quantile",0.025,8.32169998899613
2024-04-20,2,"wk inc flu hosp",2024-05-04,"27","quantile",0.025,4.5468484182868
2024-04-20,3,"wk inc flu hosp",2024-05-11,"27","quantile",0.025,2.78059844845343
2024-04-20,-1,"wk inc flu hosp",2024-04-13,"27","quantile",0.05,21.3986879518478
2024-04-20,0,"wk inc flu hosp",2024-04-20,"27","quantile",0.05,21.2465319004678
2024-04-20,1,"wk inc flu hosp",2024-04-27,"27","quantile",0.05,11.3713471492889
2024-04-20,2,"wk inc flu hosp",2024-05-04,"27","quantile",0.05,6.93549839110404
2024-04-20,3,"wk inc flu hosp",2024-05-11,"27","quantile",0.05,4.64554496249011
2024-04-20,-1,"wk inc flu hosp",2024-04-13,"27","quantile",0.1,27.468081248803
2024-04-20,0,"wk inc flu hosp",2024-04-20,"27","quantile",0.1,27.4978407772693
2024-04-20,1,"wk inc flu hosp",2024-04-27,"27","quantile",0.1,16.4512767443886
2024-04-20,2,"wk inc flu hosp",2024-05-04,"27","quantile",0.1,10.9288084908906
2024-04-20,3,"wk inc flu hosp",2024-05-11,"27","quantile",0.1,7.80034973349744
2024-04-20,-1,"wk inc flu hosp",2024-04-13,"27","quantile",0.15,32.8169166534421
2024-04-20,0,"wk inc flu hosp",2024-04-20,"27","quantile",0.15,32.6576042321263
2024-04-20,1,"wk inc flu hosp",2024-04-27,"27","quantile",0.15,20.9840332165673
2024-04-20,2,"wk inc flu hosp",2024-05-04,"27","quantile",0.15,14.7401659954566
2024-04-20,3,"wk inc flu hosp",2024-05-11,"27","quantile",0.15,11.0744293933574
2024-04-20,-1,"wk inc flu hosp",2024-04-13,"27","quantile",0.2,37.692148444068
2024-04-20,0,"wk inc flu hosp",2024-04-20,"27","quantile",0.2,37.5758920442834
2024-04-20,1,"wk inc flu hosp",2024-04-27,"27","quantile",0.2,25.5983153805947
2024-04-20,2,"wk inc flu hosp",2024-05-04,"27","quantile",0.2,18.599687251119
2024-04-20,3,"wk inc flu hosp",2024-05-11,"27","quantile",0.2,14.4432406442104
2024-04-20,-1,"wk inc flu hosp",2024-04-13,"27","quantile",0.25,42.3922077323475
2024-04-20,0,"wk inc flu hosp",2024-04-20,"27","quantile",0.25,42.2312969355857
2024-04-20,1,"wk inc flu hosp",2024-04-27,"27","quantile",0.25,30.0973167494437
2024-04-20,2,"wk inc flu hosp",2024-05-04,"27","quantile",0.25,22.6694586357018
2024-04-20,3,"wk inc flu hosp",2024-05-11,"27","quantile",0.25,18.052277768918
2024-04-20,-1,"wk inc flu hosp",2024-04-13,"27","quantile",0.3,47.1466842643607
2024-04-20,0,"wk inc flu hosp",2024-04-20,"27","quantile",0.3,46.7792902523106
2024-04-20,1,"wk inc flu hosp",2024-04-27,"27","quantile",0.3,34.8678979720212
2024-04-20,2,"wk inc flu hosp",2024-05-04,"27","quantile",0.3,27.0930905551025
2024-04-20,3,"wk inc flu hosp",2024-05-11,"27","quantile",0.3,22.0575470819691
2024-04-20,-1,"wk inc flu hosp",2024-04-13,"27","quantile",0.35,51.9044955482959
2024-04-20,0,"wk inc flu hosp",2024-04-20,"27","quantile",0.35,51.4300244184686
2024-04-20,1,"wk inc flu hosp",2024-04-27,"27","quantile",0.35,39.8366436995764
2024-04-20,2,"wk inc flu hosp",2024-05-04,"27","quantile",0.35,31.978246748402
2024-04-20,3,"wk inc flu hosp",2024-05-11,"27","quantile",0.35,26.5231732335389
2024-04-20,-1,"wk inc flu hosp",2024-04-13,"27","quantile",0.4,56.8897514836252
2024-04-20,0,"wk inc flu hosp",2024-04-20,"27","quantile",0.4,56.3369624966973
2024-04-20,1,"wk inc flu hosp",2024-04-27,"27","quantile",0.4,45.1292538951827
2024-04-20,2,"wk inc flu hosp",2024-05-04,"27","quantile",0.4,37.2128383170238
2024-04-20,3,"wk inc flu hosp",2024-05-11,"27","quantile",0.4,31.6453417907867
2024-04-20,-1,"wk inc flu hosp",2024-04-13,"27","quantile",0.45,62.2340252057798
2024-04-20,0,"wk inc flu hosp",2024-04-20,"27","quantile",0.45,61.395743220364
2024-04-20,1,"wk inc flu hosp",2024-04-27,"27","quantile",0.45,51.1154489226073
2024-04-20,2,"wk inc flu hosp",2024-05-04,"27","quantile",0.45,43.2760343899641
2024-04-20,3,"wk inc flu hosp",2024-05-11,"27","quantile",0.45,37.6458063225455
2024-04-20,-1,"wk inc flu hosp",2024-04-13,"27","quantile",0.5,67.8814839822713
2024-04-20,0,"wk inc flu hosp",2024-04-20,"27","quantile",0.5,67.0852579406054
2024-04-20,1,"wk inc flu hosp",2024-04-27,"27","quantile",0.5,57.687520455252
2024-04-20,2,"wk inc flu hosp",2024-05-04,"27","quantile",0.5,50.1382760740497
2024-04-20,3,"wk inc flu hosp",2024-05-11,"27","quantile",0.5,44.4715035679813
2024-04-20,-1,"wk inc flu hosp",2024-04-13,"27","quantile",0.55,73.9344510097372
2024-04-20,0,"wk inc flu hosp",2024-04-20,"27","quantile",0.55,73.2180162148877
2024-04-20,1,"wk inc flu hosp",2024-04-27,"27","quantile",0.55,65.1408524456326
2024-04-20,2,"wk inc flu hosp",2024-05-04,"27","quantile",0.55,58.2731137361795
2024-04-20,3,"wk inc flu hosp",2024-05-11,"27","quantile",0.55,52.4338395729953
2024-04-20,-1,"wk inc flu hosp",2024-04-13,"27","quantile",0.6,80.7145041460501
2024-04-20,0,"wk inc flu hosp",2024-04-20,"27","quantile",0.6,79.6892210984537
2024-04-20,1,"wk inc flu hosp",2024-04-27,"27","quantile",0.6,73.8525840923893
2024-04-20,2,"wk inc flu hosp",2024-05-04,"27","quantile",0.6,67.9512400043944
2024-04-20,3,"wk inc flu hosp",2024-05-11,"27","quantile",0.6,62.197997550059
2024-04-20,-1,"wk inc flu hosp",2024-04-13,"27","quantile",0.65,88.3358022534455
2024-04-20,0,"wk inc flu hosp",2024-04-20,"27","quantile",0.65,87.1817704840067
2024-04-20,1,"wk inc flu hosp",2024-04-27,"27","quantile",0.65,84.0413340970966
2024-04-20,2,"wk inc flu hosp",2024-05-04,"27","quantile",0.65,79.1858509454277
2024-04-20,3,"wk inc flu hosp",2024-05-11,"27","quantile",0.65,74.1219840135479
2024-04-20,-1,"wk inc flu hosp",2024-04-13,"27","quantile",0.7,97.236926602053
2024-04-20,0,"wk inc flu hosp",2024-04-20,"27","quantile",0.7,95.750751420016
2024-04-20,1,"wk inc flu hosp",2024-04-27,"27","quantile",0.7,96.1411735604852
2024-04-20,2,"wk inc flu hosp",2024-05-04,"27","quantile",0.7,93.7759360887963
2024-04-20,3,"wk inc flu hosp",2024-05-11,"27","quantile",0.7,89.8959937486574
2024-04-20,-1,"wk inc flu hosp",2024-04-13,"27","quantile",0.75,107.684389153529
2024-04-20,0,"wk inc flu hosp",2024-04-20,"27","quantile",0.75,106.091713506979
2024-04-20,1,"wk inc flu hosp",2024-04-27,"27","quantile",0.75,111.73633109471
2024-04-20,2,"wk inc flu hosp",2024-05-04,"27","quantile",0.75,112.570493806656
2024-04-20,3,"wk inc flu hosp",2024-05-11,"27","quantile",0.75,111.005153725008
2024-04-20,-1,"wk inc flu hosp",2024-04-13,"27","quantile",0.8,120.379472652449
2024-04-20,0,"wk inc flu hosp",2024-04-20,"27","quantile",0.8,118.962534586379
2024-04-20,1,"wk inc flu hosp",2024-04-27,"27","quantile",0.8,132.155329044576
2024-04-20,2,"wk inc flu hosp",2024-05-04,"27","quantile",0.8,137.251664080102
2024-04-20,3,"wk inc flu hosp",2024-05-11,"27","quantile",0.8,139.44504023285
2024-04-20,-1,"wk inc flu hosp",2024-04-13,"27","quantile",0.85,137.375112450995
2024-04-20,0,"wk inc flu hosp",2024-04-20,"27","quantile",0.85,136.463065567626
2024-04-20,1,"wk inc flu hosp",2024-04-27,"27","quantile",0.85,160.233327959595
2024-04-20,2,"wk inc flu hosp",2024-05-04,"27","quantile",0.85,174.65079562889
2024-04-20,3,"wk inc flu hosp",2024-05-11,"27","quantile",0.85,182.896103982142
2024-04-20,-1,"wk inc flu hosp",2024-04-13,"27","quantile",0.9,163.026511207536
2024-04-20,0,"wk inc flu hosp",2024-04-20,"27","quantile",0.9,162.04737733882
2024-04-20,1,"wk inc flu hosp",2024-04-27,"27","quantile",0.9,203.687601411846
2024-04-20,2,"wk inc flu hosp",2024-05-04,"27","quantile",0.9,233.078477807666
2024-04-20,3,"wk inc flu hosp",2024-05-11,"27","quantile",0.9,261.794556895711
2024-04-20,-1,"wk inc flu hosp",2024-04-13,"27","quantile",0.95,209.390105411917
2024-04-20,0,"wk inc flu hosp",2024-04-20,"27","quantile",0.95,208.954970406104
2024-04-20,1,"wk inc flu hosp",2024-04-27,"27","quantile",0.95,289.75289397695
2024-04-20,2,"wk inc flu hosp",2024-05-04,"27","quantile",0.95,366.0487947792
2024-04-20,3,"wk inc flu hosp",2024-05-11,"27","quantile",0.95,439.75158633474
2024-04-20,-1,"wk inc flu hosp",2024-04-13,"27","quantile",0.975,261.250152307403
2024-04-20,0,"wk inc flu hosp",2024-04-20,"27","quantile",0.975,261.579131709363
2024-04-20,1,"wk inc flu hosp",2024-04-27,"27","quantile",0.975,397.677103560574
2024-04-20,2,"wk inc flu hosp",2024-05-04,"27","quantile",0.975,537.865323470537
2024-04-20,3,"wk inc flu hosp",2024-05-11,"27","quantile",0.975,687.866696283332
2024-04-20,-1,"wk inc flu hosp",2024-04-13,"27","quantile",0.99,335.769333529031
2024-04-20,0,"wk inc flu hosp",2024-04-20,"27","quantile",0.99,338.309930879221
2024-04-20,1,"wk inc flu hosp",2024-04-27,"27","quantile",0.99,564.170350941128
2024-04-20,2,"wk inc flu hosp",2024-05-04,"27","quantile",0.99,889.574394079718
2024-04-20,3,"wk inc flu hosp",2024-05-11,"27","quantile",0.99,1221.46457947846
2024-04-20,-1,"wk inc flu hosp",2024-04-13,"28","quantile",0.01,13.0159359386105
2024-04-20,0,"wk inc flu hosp",2024-04-20,"28","quantile",0.01,12.8379754823093
2024-04-20,1,"wk inc flu hosp",2024-04-27,"28","quantile",0.01,9.15606264416488
2024-04-20,2,"wk inc flu hosp",2024-05-04,"28","quantile",0.01,7.97428683197746
2024-04-20,3,"wk inc flu hosp",2024-05-11,"28","quantile",0.01,7.63332240138589
2024-04-20,-1,"wk inc flu hosp",2024-04-13,"28","quantile",0.025,15.1820972357882
2024-04-20,0,"wk inc flu hosp",2024-04-20,"28","quantile",0.025,15.0659534177546
2024-04-20,1,"wk inc flu hosp",2024-04-27,"28","quantile",0.025,11.3000116495942
2024-04-20,2,"wk inc flu hosp",2024-05-04,"28","quantile",0.025,9.86981250007277
2024-04-20,3,"wk inc flu hosp",2024-05-11,"28","quantile",0.025,9.47323078406474
2024-04-20,-1,"wk inc flu hosp",2024-04-13,"28","quantile",0.05,17.5023624266803
2024-04-20,0,"wk inc flu hosp",2024-04-20,"28","quantile",0.05,17.2382613823824
2024-04-20,1,"wk inc flu hosp",2024-04-27,"28","quantile",0.05,13.3852944512898
2024-04-20,2,"wk inc flu hosp",2024-05-04,"28","quantile",0.05,11.8825549955156
2024-04-20,3,"wk inc flu hosp",2024-05-11,"28","quantile",0.05,11.484816523434
2024-04-20,-1,"wk inc flu hosp",2024-04-13,"28","quantile",0.1,20.4017147754997
2024-04-20,0,"wk inc flu hosp",2024-04-20,"28","quantile",0.1,20.1706388742359
2024-04-20,1,"wk inc flu hosp",2024-04-27,"28","quantile",0.1,16.3024140809477
2024-04-20,2,"wk inc flu hosp",2024-05-04,"28","quantile",0.1,14.7158953057905
2024-04-20,3,"wk inc flu hosp",2024-05-11,"28","quantile",0.1,14.3180128511748
2024-04-20,-1,"wk inc flu hosp",2024-04-13,"28","quantile",0.15,22.6692734506365
2024-04-20,0,"wk inc flu hosp",2024-04-20,"28","quantile",0.15,22.4121729257991
2024-04-20,1,"wk inc flu hosp",2024-04-27,"28","quantile",0.15,18.6145050176609
2024-04-20,2,"wk inc flu hosp",2024-05-04,"28","quantile",0.15,17.0392477362663
2024-04-20,3,"wk inc flu hosp",2024-05-11,"28","quantile",0.15,16.6154765931898
2024-04-20,-1,"wk inc flu hosp",2024-04-13,"28","quantile",0.2,24.6432707911511
2024-04-20,0,"wk inc flu hosp",2024-04-20,"28","quantile",0.2,24.364215226412
2024-04-20,1,"wk inc flu hosp",2024-04-27,"28","quantile",0.2,20.6444100467443
2024-04-20,2,"wk inc flu hosp",2024-05-04,"28","quantile",0.2,19.0931614113219
2024-04-20,3,"wk inc flu hosp",2024-05-11,"28","quantile",0.2,18.7373524793508
2024-04-20,-1,"wk inc flu hosp",2024-04-13,"28","quantile",0.25,26.4183115702301
2024-04-20,0,"wk inc flu hosp",2024-04-20,"28","quantile",0.25,26.1867032959212
2024-04-20,1,"wk inc flu hosp",2024-04-27,"28","quantile",0.25,22.5717249322134
2024-04-20,2,"wk inc flu hosp",2024-05-04,"28","quantile",0.25,21.0833293899276
2024-04-20,3,"wk inc flu hosp",2024-05-11,"28","quantile",0.25,20.7135042133103
2024-04-20,-1,"wk inc flu hosp",2024-04-13,"28","quantile",0.3,28.1159331612107
2024-04-20,0,"wk inc flu hosp",2024-04-20,"28","quantile",0.3,27.9221939352949
2024-04-20,1,"wk inc flu hosp",2024-04-27,"28","quantile",0.3,24.4555868501437
2024-04-20,2,"wk inc flu hosp",2024-05-04,"28","quantile",0.3,22.9957938501857
2024-04-20,3,"wk inc flu hosp",2024-05-11,"28","quantile",0.3,22.7838996405647
2024-04-20,-1,"wk inc flu hosp",2024-04-13,"28","quantile",0.35,29.8152771305462
2024-04-20,0,"wk inc flu hosp",2024-04-20,"28","quantile",0.35,29.570826949556
2024-04-20,1,"wk inc flu hosp",2024-04-27,"28","quantile",0.35,26.427839938877
2024-04-20,2,"wk inc flu hosp",2024-05-04,"28","quantile",0.35,25.0161309860569
2024-04-20,3,"wk inc flu hosp",2024-05-11,"28","quantile",0.35,24.876029297157
2024-04-20,-1,"wk inc flu hosp",2024-04-13,"28","quantile",0.4,31.5201989406876
2024-04-20,0,"wk inc flu hosp",2024-04-20,"28","quantile",0.4,31.2026253992956
2024-04-20,1,"wk inc flu hosp",2024-04-27,"28","quantile",0.4,28.4762636192189
2024-04-20,2,"wk inc flu hosp",2024-05-04,"28","quantile",0.4,27.1313027936221
2024-04-20,3,"wk inc flu hosp",2024-05-11,"28","quantile",0.4,27.0128260592225
2024-04-20,-1,"wk inc flu hosp",2024-04-13,"28","quantile",0.45,33.3304656922479
2024-04-20,0,"wk inc flu hosp",2024-04-20,"28","quantile",0.45,32.9224438467209
2024-04-20,1,"wk inc flu hosp",2024-04-27,"28","quantile",0.45,30.4473267442988
2024-04-20,2,"wk inc flu hosp",2024-05-04,"28","quantile",0.45,29.3456157523097
2024-04-20,3,"wk inc flu hosp",2024-05-11,"28","quantile",0.45,29.3267541799001
2024-04-20,-1,"wk inc flu hosp",2024-04-13,"28","quantile",0.5,35.0966352957706
2024-04-20,0,"wk inc flu hosp",2024-04-20,"28","quantile",0.5,34.7099779481624
2024-04-20,1,"wk inc flu hosp",2024-04-27,"28","quantile",0.5,32.6835512778699
2024-04-20,2,"wk inc flu hosp",2024-05-04,"28","quantile",0.5,31.6312570666831
2024-04-20,3,"wk inc flu hosp",2024-05-11,"28","quantile",0.5,31.7728208439881
2024-04-20,-1,"wk inc flu hosp",2024-04-13,"28","quantile",0.55,36.9853776730609
2024-04-20,0,"wk inc flu hosp",2024-04-20,"28","quantile",0.55,36.5470797796215
2024-04-20,1,"wk inc flu hosp",2024-04-27,"28","quantile",0.55,34.971025101745
2024-04-20,2,"wk inc flu hosp",2024-05-04,"28","quantile",0.55,34.1388293892731
2024-04-20,3,"wk inc flu hosp",2024-05-11,"28","quantile",0.55,34.4312935987684
2024-04-20,-1,"wk inc flu hosp",2024-04-13,"28","quantile",0.6,38.9985395867384
2024-04-20,0,"wk inc flu hosp",2024-04-20,"28","quantile",0.6,38.580064412579
2024-04-20,1,"wk inc flu hosp",2024-04-27,"28","quantile",0.6,37.4331647533711
2024-04-20,2,"wk inc flu hosp",2024-05-04,"28","quantile",0.6,36.9235010174362
2024-04-20,3,"wk inc flu hosp",2024-05-11,"28","quantile",0.6,37.4318168508169
2024-04-20,-1,"wk inc flu hosp",2024-04-13,"28","quantile",0.65,41.2439653636435
2024-04-20,0,"wk inc flu hosp",2024-04-20,"28","quantile",0.65,40.7334914146148
2024-04-20,1,"wk inc flu hosp",2024-04-27,"28","quantile",0.65,40.1984199589965
2024-04-20,2,"wk inc flu hosp",2024-05-04,"28","quantile",0.65,40.0008635943056
2024-04-20,3,"wk inc flu hosp",2024-05-11,"28","quantile",0.65,40.7558588212255
2024-04-20,-1,"wk inc flu hosp",2024-04-13,"28","quantile",0.7,43.6794800370596
2024-04-20,0,"wk inc flu hosp",2024-04-20,"28","quantile",0.7,43.1755415840125
2024-04-20,1,"wk inc flu hosp",2024-04-27,"28","quantile",0.7,43.3994247469844
2024-04-20,2,"wk inc flu hosp",2024-05-04,"28","quantile",0.7,43.5001455089187
2024-04-20,3,"wk inc flu hosp",2024-05-11,"28","quantile",0.7,44.6049585833805
2024-04-20,-1,"wk inc flu hosp",2024-04-13,"28","quantile",0.75,46.5435674964865
2024-04-20,0,"wk inc flu hosp",2024-04-20,"28","quantile",0.75,45.9910171117775
2024-04-20,1,"wk inc flu hosp",2024-04-27,"28","quantile",0.75,47.1462687150012
2024-04-20,2,"wk inc flu hosp",2024-05-04,"28","quantile",0.75,47.7806274421661
2024-04-20,3,"wk inc flu hosp",2024-05-11,"28","quantile",0.75,49.3126513886804
2024-04-20,-1,"wk inc flu hosp",2024-04-13,"28","quantile",0.8,49.9395926524318
2024-04-20,0,"wk inc flu hosp",2024-04-20,"28","quantile",0.8,49.3925885011893
2024-04-20,1,"wk inc flu hosp",2024-04-27,"28","quantile",0.8,51.7491192848299
2024-04-20,2,"wk inc flu hosp",2024-05-04,"28","quantile",0.8,53.0130419765139
2024-04-20,3,"wk inc flu hosp",2024-05-11,"28","quantile",0.8,55.358900723129
2024-04-20,-1,"wk inc flu hosp",2024-04-13,"28","quantile",0.85,54.0908248097841
2024-04-20,0,"wk inc flu hosp",2024-04-20,"28","quantile",0.85,53.617721847115
2024-04-20,1,"wk inc flu hosp",2024-04-27,"28","quantile",0.85,57.5913971864059
2024-04-20,2,"wk inc flu hosp",2024-05-04,"28","quantile",0.85,60.2341943992729
2024-04-20,3,"wk inc flu hosp",2024-05-11,"28","quantile",0.85,63.4408580230949
2024-04-20,-1,"wk inc flu hosp",2024-04-13,"28","quantile",0.9,59.7797498310865
2024-04-20,0,"wk inc flu hosp",2024-04-20,"28","quantile",0.9,59.2873790025273
2024-04-20,1,"wk inc flu hosp",2024-04-27,"28","quantile",0.9,65.9573356017342
2024-04-20,2,"wk inc flu hosp",2024-05-04,"28","quantile",0.9,70.7944280149825
2024-04-20,3,"wk inc flu hosp",2024-05-11,"28","quantile",0.9,75.3279687578731
2024-04-20,-1,"wk inc flu hosp",2024-04-13,"28","quantile",0.95,69.6505957020728
2024-04-20,0,"wk inc flu hosp",2024-04-20,"28","quantile",0.95,69.1049874808258
2024-04-20,1,"wk inc flu hosp",2024-04-27,"28","quantile",0.95,80.9502599549957
2024-04-20,2,"wk inc flu hosp",2024-05-04,"28","quantile",0.95,89.8363396699361
2024-04-20,3,"wk inc flu hosp",2024-05-11,"28","quantile",0.95,97.0774759091823
2024-04-20,-1,"wk inc flu hosp",2024-04-13,"28","quantile",0.975,79.1165531684569
2024-04-20,0,"wk inc flu hosp",2024-04-20,"28","quantile",0.975,78.4724203496643
2024-04-20,1,"wk inc flu hosp",2024-04-27,"28","quantile",0.975,97.113655128949
2024-04-20,2,"wk inc flu hosp",2024-05-04,"28","quantile",0.975,109.859676511979
2024-04-20,3,"wk inc flu hosp",2024-05-11,"28","quantile",0.975,122.571934084462
2024-04-20,-1,"wk inc flu hosp",2024-04-13,"28","quantile",0.99,91.667937513057
2024-04-20,0,"wk inc flu hosp",2024-04-20,"28","quantile",0.99,92.30396732729
2024-04-20,1,"wk inc flu hosp",2024-04-27,"28","quantile",0.99,119.617087376417
2024-04-20,2,"wk inc flu hosp",2024-05-04,"28","quantile",0.99,141.196375445324
2024-04-20,3,"wk inc flu hosp",2024-05-11,"28","quantile",0.99,161.988414933911
2024-04-20,-1,"wk inc flu hosp",2024-04-13,"29","quantile",0.01,23.6354285187668
2024-04-20,0,"wk inc flu hosp",2024-04-20,"29","quantile",0.01,23.5133436640526
2024-04-20,1,"wk inc flu hosp",2024-04-27,"29","quantile",0.01,11.5385001933457
2024-04-20,2,"wk inc flu hosp",2024-05-04,"29","quantile",0.01,6.47782893693567
2024-04-20,3,"wk inc flu hosp",2024-05-11,"29","quantile",0.01,4.19210359088527
2024-04-20,-1,"wk inc flu hosp",2024-04-13,"29","quantile",0.025,29.3920569128871
2024-04-20,0,"wk inc flu hosp",2024-04-20,"29","quantile",0.025,29.2907729369242
2024-04-20,1,"wk inc flu hosp",2024-04-27,"29","quantile",0.025,15.5937658637052
2024-04-20,2,"wk inc flu hosp",2024-05-04,"29","quantile",0.025,9.531000594361
2024-04-20,3,"wk inc flu hosp",2024-05-11,"29","quantile",0.025,6.4775245064158
2024-04-20,-1,"wk inc flu hosp",2024-04-13,"29","quantile",0.05,35.3610462125823
2024-04-20,0,"wk inc flu hosp",2024-04-20,"29","quantile",0.05,34.925671962202
2024-04-20,1,"wk inc flu hosp",2024-04-27,"29","quantile",0.05,20.1320993929773
2024-04-20,2,"wk inc flu hosp",2024-05-04,"29","quantile",0.05,12.9110932975869
2024-04-20,3,"wk inc flu hosp",2024-05-11,"29","quantile",0.05,9.29398732664649
2024-04-20,-1,"wk inc flu hosp",2024-04-13,"29","quantile",0.1,43.6456402611894
2024-04-20,0,"wk inc flu hosp",2024-04-20,"29","quantile",0.1,42.9387329686468
2024-04-20,1,"wk inc flu hosp",2024-04-27,"29","quantile",0.1,27.087545456566
2024-04-20,2,"wk inc flu hosp",2024-05-04,"29","quantile",0.1,18.3322802753096
2024-04-20,3,"wk inc flu hosp",2024-05-11,"29","quantile",0.1,13.6162640335239
2024-04-20,-1,"wk inc flu hosp",2024-04-13,"29","quantile",0.15,50.2386219041825
2024-04-20,0,"wk inc flu hosp",2024-04-20,"29","quantile",0.15,49.2657913872161
2024-04-20,1,"wk inc flu hosp",2024-04-27,"29","quantile",0.15,32.6602795034033
2024-04-20,2,"wk inc flu hosp",2024-05-04,"29","quantile",0.15,23.1587075259693
2024-04-20,3,"wk inc flu hosp",2024-05-11,"29","quantile",0.15,17.7267684427253
2024-04-20,-1,"wk inc flu hosp",2024-04-13,"29","quantile",0.2,55.9310851413018
2024-04-20,0,"wk inc flu hosp",2024-04-20,"29","quantile",0.2,55.1239434489503
2024-04-20,1,"wk inc flu hosp",2024-04-27,"29","quantile",0.2,38.1643545391061
2024-04-20,2,"wk inc flu hosp",2024-05-04,"29","quantile",0.2,28.0389539878698
2024-04-20,3,"wk inc flu hosp",2024-05-11,"29","quantile",0.2,21.8402589361815
2024-04-20,-1,"wk inc flu hosp",2024-04-13,"29","quantile",0.25,61.402738900704
2024-04-20,0,"wk inc flu hosp",2024-04-20,"29","quantile",0.25,60.4858006739211
2024-04-20,1,"wk inc flu hosp",2024-04-27,"29","quantile",0.25,43.5187137919146
2024-04-20,2,"wk inc flu hosp",2024-05-04,"29","quantile",0.25,33.0407490475984
2024-04-20,3,"wk inc flu hosp",2024-05-11,"29","quantile",0.25,26.054117057948
2024-04-20,-1,"wk inc flu hosp",2024-04-13,"29","quantile",0.3,66.6855996769435
2024-04-20,0,"wk inc flu hosp",2024-04-20,"29","quantile",0.3,65.7314771115458
2024-04-20,1,"wk inc flu hosp",2024-04-27,"29","quantile",0.3,48.9839163430239
2024-04-20,2,"wk inc flu hosp",2024-05-04,"29","quantile",0.3,38.101413931992
2024-04-20,3,"wk inc flu hosp",2024-05-11,"29","quantile",0.3,30.6594656298084
2024-04-20,-1,"wk inc flu hosp",2024-04-13,"29","quantile",0.35,72.1645020401952
2024-04-20,0,"wk inc flu hosp",2024-04-20,"29","quantile",0.35,71.070488628554
2024-04-20,1,"wk inc flu hosp",2024-04-27,"29","quantile",0.35,54.6724886777375
2024-04-20,2,"wk inc flu hosp",2024-05-04,"29","quantile",0.35,43.4470901696713
2024-04-20,3,"wk inc flu hosp",2024-05-11,"29","quantile",0.35,35.4076874225683
2024-04-20,-1,"wk inc flu hosp",2024-04-13,"29","quantile",0.4,77.8285589878588
2024-04-20,0,"wk inc flu hosp",2024-04-20,"29","quantile",0.4,76.4611183082975
2024-04-20,1,"wk inc flu hosp",2024-04-27,"29","quantile",0.4,60.6778505481059
2024-04-20,2,"wk inc flu hosp",2024-05-04,"29","quantile",0.4,49.4387311998732
2024-04-20,3,"wk inc flu hosp",2024-05-11,"29","quantile",0.4,40.8550456331025
2024-04-20,-1,"wk inc flu hosp",2024-04-13,"29","quantile",0.45,83.5829404599487
2024-04-20,0,"wk inc flu hosp",2024-04-20,"29","quantile",0.45,82.2618744225531
2024-04-20,1,"wk inc flu hosp",2024-04-27,"29","quantile",0.45,67.021023137572
2024-04-20,2,"wk inc flu hosp",2024-05-04,"29","quantile",0.45,55.5773982346604
2024-04-20,3,"wk inc flu hosp",2024-05-11,"29","quantile",0.45,46.9136289065268
2024-04-20,-1,"wk inc flu hosp",2024-04-13,"29","quantile",0.5,89.6949983415521
2024-04-20,0,"wk inc flu hosp",2024-04-20,"29","quantile",0.5,88.5416868934497
2024-04-20,1,"wk inc flu hosp",2024-04-27,"29","quantile",0.5,73.9509644367645
2024-04-20,2,"wk inc flu hosp",2024-05-04,"29","quantile",0.5,62.6142183897269
2024-04-20,3,"wk inc flu hosp",2024-05-11,"29","quantile",0.5,53.7502637358057
2024-04-20,-1,"wk inc flu hosp",2024-04-13,"29","quantile",0.55,96.0960390729098
2024-04-20,0,"wk inc flu hosp",2024-04-20,"29","quantile",0.55,94.9028745869778
2024-04-20,1,"wk inc flu hosp",2024-04-27,"29","quantile",0.55,81.7800537808171
2024-04-20,2,"wk inc flu hosp",2024-05-04,"29","quantile",0.55,70.4733859177634
2024-04-20,3,"wk inc flu hosp",2024-05-11,"29","quantile",0.55,61.5590609582513
2024-04-20,-1,"wk inc flu hosp",2024-04-13,"29","quantile",0.6,103.152883577558
2024-04-20,0,"wk inc flu hosp",2024-04-20,"29","quantile",0.6,102.24331786663
2024-04-20,1,"wk inc flu hosp",2024-04-27,"29","quantile",0.6,90.4947813841178
2024-04-20,2,"wk inc flu hosp",2024-05-04,"29","quantile",0.6,79.6471493594697
2024-04-20,3,"wk inc flu hosp",2024-05-11,"29","quantile",0.6,70.8182673200852
2024-04-20,-1,"wk inc flu hosp",2024-04-13,"29","quantile",0.65,111.209026669246
2024-04-20,0,"wk inc flu hosp",2024-04-20,"29","quantile",0.65,109.86684468857
2024-04-20,1,"wk inc flu hosp",2024-04-27,"29","quantile",0.65,100.345128401596
2024-04-20,2,"wk inc flu hosp",2024-05-04,"29","quantile",0.65,90.7012762889906
2024-04-20,3,"wk inc flu hosp",2024-05-11,"29","quantile",0.65,81.9930703794891
2024-04-20,-1,"wk inc flu hosp",2024-04-13,"29","quantile",0.7,120.492546368304
2024-04-20,0,"wk inc flu hosp",2024-04-20,"29","quantile",0.7,118.591165475097
2024-04-20,1,"wk inc flu hosp",2024-04-27,"29","quantile",0.7,112.146976912455
2024-04-20,2,"wk inc flu hosp",2024-05-04,"29","quantile",0.7,103.790396288102
2024-04-20,3,"wk inc flu hosp",2024-05-11,"29","quantile",0.7,95.4200945900902
2024-04-20,-1,"wk inc flu hosp",2024-04-13,"29","quantile",0.75,131.018205294974
2024-04-20,0,"wk inc flu hosp",2024-04-20,"29","quantile",0.75,128.806488466381
2024-04-20,1,"wk inc flu hosp",2024-04-27,"29","quantile",0.75,126.047725683619
2024-04-20,2,"wk inc flu hosp",2024-05-04,"29","quantile",0.75,119.82458203445
2024-04-20,3,"wk inc flu hosp",2024-05-11,"29","quantile",0.75,113.418030746775
2024-04-20,-1,"wk inc flu hosp",2024-04-13,"29","quantile",0.8,143.846446580793
2024-04-20,0,"wk inc flu hosp",2024-04-20,"29","quantile",0.8,141.371818050681
2024-04-20,1,"wk inc flu hosp",2024-04-27,"29","quantile",0.8,143.797242800604
2024-04-20,2,"wk inc flu hosp",2024-05-04,"29","quantile",0.8,141.378288148447
2024-04-20,3,"wk inc flu hosp",2024-05-11,"29","quantile",0.8,136.96167560109
2024-04-20,-1,"wk inc flu hosp",2024-04-13,"29","quantile",0.85,160.323722151198
2024-04-20,0,"wk inc flu hosp",2024-04-20,"29","quantile",0.85,157.538385337311
2024-04-20,1,"wk inc flu hosp",2024-04-27,"29","quantile",0.85,167.734100845143
2024-04-20,2,"wk inc flu hosp",2024-05-04,"29","quantile",0.85,171.440979488577
2024-04-20,3,"wk inc flu hosp",2024-05-11,"29","quantile",0.85,170.871043315244
2024-04-20,-1,"wk inc flu hosp",2024-04-13,"29","quantile",0.9,183.418660144314
2024-04-20,0,"wk inc flu hosp",2024-04-20,"29","quantile",0.9,180.841299531594
2024-04-20,1,"wk inc flu hosp",2024-04-27,"29","quantile",0.9,204.502390903435
2024-04-20,2,"wk inc flu hosp",2024-05-04,"29","quantile",0.9,221.404453344212
2024-04-20,3,"wk inc flu hosp",2024-05-11,"29","quantile",0.9,228.322365884017
2024-04-20,-1,"wk inc flu hosp",2024-04-13,"29","quantile",0.95,225.639628293041
2024-04-20,0,"wk inc flu hosp",2024-04-20,"29","quantile",0.95,221.457804829787
2024-04-20,1,"wk inc flu hosp",2024-04-27,"29","quantile",0.95,276.525421587749
2024-04-20,2,"wk inc flu hosp",2024-05-04,"29","quantile",0.95,320.58538380698
2024-04-20,3,"wk inc flu hosp",2024-05-11,"29","quantile",0.95,352.309108837078
2024-04-20,-1,"wk inc flu hosp",2024-04-13,"29","quantile",0.975,271.180370380793
2024-04-20,0,"wk inc flu hosp",2024-04-20,"29","quantile",0.975,267.775556337483
2024-04-20,1,"wk inc flu hosp",2024-04-27,"29","quantile",0.975,360.129847365193
2024-04-20,2,"wk inc flu hosp",2024-05-04,"29","quantile",0.975,447.689402250444
2024-04-20,3,"wk inc flu hosp",2024-05-11,"29","quantile",0.975,520.348351356338
2024-04-20,-1,"wk inc flu hosp",2024-04-13,"29","quantile",0.99,332.617328187569
2024-04-20,0,"wk inc flu hosp",2024-04-20,"29","quantile",0.99,327.104882318381
2024-04-20,1,"wk inc flu hosp",2024-04-27,"29","quantile",0.99,493.533391887276
2024-04-20,2,"wk inc flu hosp",2024-05-04,"29","quantile",0.99,663.059628845281
2024-04-20,3,"wk inc flu hosp",2024-05-11,"29","quantile",0.99,852.25013855452
2024-04-20,-1,"wk inc flu hosp",2024-04-13,"30","quantile",0.01,1.06536644471685
2024-04-20,0,"wk inc flu hosp",2024-04-20,"30","quantile",0.01,1.03049212992525
2024-04-20,1,"wk inc flu hosp",2024-04-27,"30","quantile",0.01,0.108112021191176
2024-04-20,2,"wk inc flu hosp",2024-05-04,"30","quantile",0.01,0
2024-04-20,3,"wk inc flu hosp",2024-05-11,"30","quantile",0.01,0
2024-04-20,-1,"wk inc flu hosp",2024-04-13,"30","quantile",0.025,1.62383334665855
2024-04-20,0,"wk inc flu hosp",2024-04-20,"30","quantile",0.025,1.5831723892467
2024-04-20,1,"wk inc flu hosp",2024-04-27,"30","quantile",0.025,0.509130540940756
2024-04-20,2,"wk inc flu hosp",2024-05-04,"30","quantile",0.025,0.0521611177371861
2024-04-20,3,"wk inc flu hosp",2024-05-11,"30","quantile",0.025,0
2024-04-20,-1,"wk inc flu hosp",2024-04-13,"30","quantile",0.05,2.20305782953309
2024-04-20,0,"wk inc flu hosp",2024-04-20,"30","quantile",0.05,2.1905269098174
2024-04-20,1,"wk inc flu hosp",2024-04-27,"30","quantile",0.05,1.00771467998363
2024-04-20,2,"wk inc flu hosp",2024-05-04,"30","quantile",0.05,0.434475382583043
2024-04-20,3,"wk inc flu hosp",2024-05-11,"30","quantile",0.05,0.154994017661555
2024-04-20,-1,"wk inc flu hosp",2024-04-13,"30","quantile",0.1,3.04215812330072
2024-04-20,0,"wk inc flu hosp",2024-04-20,"30","quantile",0.1,3.00984388512908
2024-04-20,1,"wk inc flu hosp",2024-04-27,"30","quantile",0.1,1.74458482714044
2024-04-20,2,"wk inc flu hosp",2024-05-04,"30","quantile",0.1,1.07454407402857
2024-04-20,3,"wk inc flu hosp",2024-05-11,"30","quantile",0.1,0.721165785399207
2024-04-20,-1,"wk inc flu hosp",2024-04-13,"30","quantile",0.15,3.7119520425666
2024-04-20,0,"wk inc flu hosp",2024-04-20,"30","quantile",0.15,3.68491953621437
2024-04-20,1,"wk inc flu hosp",2024-04-27,"30","quantile",0.15,2.36771329992459
2024-04-20,2,"wk inc flu hosp",2024-05-04,"30","quantile",0.15,1.65002128858673
2024-04-20,3,"wk inc flu hosp",2024-05-11,"30","quantile",0.15,1.23930350315362
2024-04-20,-1,"wk inc flu hosp",2024-04-13,"30","quantile",0.2,4.33436576652859
2024-04-20,0,"wk inc flu hosp",2024-04-20,"30","quantile",0.2,4.3085072302015
2024-04-20,1,"wk inc flu hosp",2024-04-27,"30","quantile",0.2,3.01888699027908
2024-04-20,2,"wk inc flu hosp",2024-05-04,"30","quantile",0.2,2.25198601191753
2024-04-20,3,"wk inc flu hosp",2024-05-11,"30","quantile",0.2,1.76223172823408
2024-04-20,-1,"wk inc flu hosp",2024-04-13,"30","quantile",0.25,4.94512200496551
2024-04-20,0,"wk inc flu hosp",2024-04-20,"30","quantile",0.25,4.89944651758939
2024-04-20,1,"wk inc flu hosp",2024-04-27,"30","quantile",0.25,3.63774339523902
2024-04-20,2,"wk inc flu hosp",2024-05-04,"30","quantile",0.25,2.84264566457509
2024-04-20,3,"wk inc flu hosp",2024-05-11,"30","quantile",0.25,2.3220702118814
2024-04-20,-1,"wk inc flu hosp",2024-04-13,"30","quantile",0.3,5.53537527024885
2024-04-20,0,"wk inc flu hosp",2024-04-20,"30","quantile",0.3,5.49509973157956
2024-04-20,1,"wk inc flu hosp",2024-04-27,"30","quantile",0.3,4.25064787123335
2024-04-20,2,"wk inc flu hosp",2024-05-04,"30","quantile",0.3,3.48520400299916
2024-04-20,3,"wk inc flu hosp",2024-05-11,"30","quantile",0.3,2.93866127631532
2024-04-20,-1,"wk inc flu hosp",2024-04-13,"30","quantile",0.35,6.13666344377969
2024-04-20,0,"wk inc flu hosp",2024-04-20,"30","quantile",0.35,6.10108202557513
2024-04-20,1,"wk inc flu hosp",2024-04-27,"30","quantile",0.35,4.91994599947498
2024-04-20,2,"wk inc flu hosp",2024-05-04,"30","quantile",0.35,4.11738708517368
2024-04-20,3,"wk inc flu hosp",2024-05-11,"30","quantile",0.35,3.5812700100971
2024-04-20,-1,"wk inc flu hosp",2024-04-13,"30","quantile",0.4,6.79453167676499
2024-04-20,0,"wk inc flu hosp",2024-04-20,"30","quantile",0.4,6.72522754981945
2024-04-20,1,"wk inc flu hosp",2024-04-27,"30","quantile",0.4,5.64463608349242
2024-04-20,2,"wk inc flu hosp",2024-05-04,"30","quantile",0.4,4.86659383758179
2024-04-20,3,"wk inc flu hosp",2024-05-11,"30","quantile",0.4,4.32160193386298
2024-04-20,-1,"wk inc flu hosp",2024-04-13,"30","quantile",0.45,7.43641266354047
2024-04-20,0,"wk inc flu hosp",2024-04-20,"30","quantile",0.45,7.3623577546327
2024-04-20,1,"wk inc flu hosp",2024-04-27,"30","quantile",0.45,6.4394110563582
2024-04-20,2,"wk inc flu hosp",2024-05-04,"30","quantile",0.45,5.69432428102353
2024-04-20,3,"wk inc flu hosp",2024-05-11,"30","quantile",0.45,5.17084338077548
2024-04-20,-1,"wk inc flu hosp",2024-04-13,"30","quantile",0.5,8.13369917543289
2024-04-20,0,"wk inc flu hosp",2024-04-20,"30","quantile",0.5,8.0720066233866
2024-04-20,1,"wk inc flu hosp",2024-04-27,"30","quantile",0.5,7.27559820135657
2024-04-20,2,"wk inc flu hosp",2024-05-04,"30","quantile",0.5,6.60366660290264
2024-04-20,3,"wk inc flu hosp",2024-05-11,"30","quantile",0.5,6.09708621882962
2024-04-20,-1,"wk inc flu hosp",2024-04-13,"30","quantile",0.55,8.88259512446195
2024-04-20,0,"wk inc flu hosp",2024-04-20,"30","quantile",0.55,8.7999273466216
2024-04-20,1,"wk inc flu hosp",2024-04-27,"30","quantile",0.55,8.23439790705081
2024-04-20,2,"wk inc flu hosp",2024-05-04,"30","quantile",0.55,7.5984521888814
2024-04-20,3,"wk inc flu hosp",2024-05-11,"30","quantile",0.55,7.20084459505066
2024-04-20,-1,"wk inc flu hosp",2024-04-13,"30","quantile",0.6,9.69458973198088
2024-04-20,0,"wk inc flu hosp",2024-04-20,"30","quantile",0.6,9.64738477355148
2024-04-20,1,"wk inc flu hosp",2024-04-27,"30","quantile",0.6,9.29309016073478
2024-04-20,2,"wk inc flu hosp",2024-05-04,"30","quantile",0.6,8.81724762932212
2024-04-20,3,"wk inc flu hosp",2024-05-11,"30","quantile",0.6,8.44983740783928
2024-04-20,-1,"wk inc flu hosp",2024-04-13,"30","quantile",0.65,10.5830518530379
2024-04-20,0,"wk inc flu hosp",2024-04-20,"30","quantile",0.65,10.5783383714189
2024-04-20,1,"wk inc flu hosp",2024-04-27,"30","quantile",0.65,10.4876691618962
2024-04-20,2,"wk inc flu hosp",2024-05-04,"30","quantile",0.65,10.2732125047929
2024-04-20,3,"wk inc flu hosp",2024-05-11,"30","quantile",0.65,10.0013779777283
2024-04-20,-1,"wk inc flu hosp",2024-04-13,"30","quantile",0.7,11.6615441705726
2024-04-20,0,"wk inc flu hosp",2024-04-20,"30","quantile",0.7,11.6389290891949
2024-04-20,1,"wk inc flu hosp",2024-04-27,"30","quantile",0.7,12.0188835066499
2024-04-20,2,"wk inc flu hosp",2024-05-04,"30","quantile",0.7,12.0376884951971
2024-04-20,3,"wk inc flu hosp",2024-05-11,"30","quantile",0.7,11.9161544298241
2024-04-20,-1,"wk inc flu hosp",2024-04-13,"30","quantile",0.75,12.9388714509987
2024-04-20,0,"wk inc flu hosp",2024-04-20,"30","quantile",0.75,12.861042719333
2024-04-20,1,"wk inc flu hosp",2024-04-27,"30","quantile",0.75,13.7879113564762
2024-04-20,2,"wk inc flu hosp",2024-05-04,"30","quantile",0.75,14.3222355576345
2024-04-20,3,"wk inc flu hosp",2024-05-11,"30","quantile",0.75,14.4415181151384
2024-04-20,-1,"wk inc flu hosp",2024-04-13,"30","quantile",0.8,14.4878780099425
2024-04-20,0,"wk inc flu hosp",2024-04-20,"30","quantile",0.8,14.3909729722241
2024-04-20,1,"wk inc flu hosp",2024-04-27,"30","quantile",0.8,16.1361235976527
2024-04-20,2,"wk inc flu hosp",2024-05-04,"30","quantile",0.8,17.1453416010398
2024-04-20,3,"wk inc flu hosp",2024-05-11,"30","quantile",0.8,17.8263621401378
2024-04-20,-1,"wk inc flu hosp",2024-04-13,"30","quantile",0.85,16.5581269064278
2024-04-20,0,"wk inc flu hosp",2024-04-20,"30","quantile",0.85,16.4572383269483
2024-04-20,1,"wk inc flu hosp",2024-04-27,"30","quantile",0.85,19.3206885851687
2024-04-20,2,"wk inc flu hosp",2024-05-04,"30","quantile",0.85,21.235407342272
2024-04-20,3,"wk inc flu hosp",2024-05-11,"30","quantile",0.85,22.600418814447
2024-04-20,-1,"wk inc flu hosp",2024-04-13,"30","quantile",0.9,19.5247996777713
2024-04-20,0,"wk inc flu hosp",2024-04-20,"30","quantile",0.9,19.4937481064739
2024-04-20,1,"wk inc flu hosp",2024-04-27,"30","quantile",0.9,24.282817730191
2024-04-20,2,"wk inc flu hosp",2024-05-04,"30","quantile",0.9,28.064701444493
2024-04-20,3,"wk inc flu hosp",2024-05-11,"30","quantile",0.9,30.3154919734171
2024-04-20,-1,"wk inc flu hosp",2024-04-13,"30","quantile",0.95,25.0688033765427
2024-04-20,0,"wk inc flu hosp",2024-04-20,"30","quantile",0.95,25.0093859092265
2024-04-20,1,"wk inc flu hosp",2024-04-27,"30","quantile",0.95,33.8674235933646
2024-04-20,2,"wk inc flu hosp",2024-05-04,"30","quantile",0.95,41.9576774274173
2024-04-20,3,"wk inc flu hosp",2024-05-11,"30","quantile",0.95,48.1482991596435
2024-04-20,-1,"wk inc flu hosp",2024-04-13,"30","quantile",0.975,31.1643990100886
2024-04-20,0,"wk inc flu hosp",2024-04-20,"30","quantile",0.975,31.0021321360052
2024-04-20,1,"wk inc flu hosp",2024-04-27,"30","quantile",0.975,45.1360644373342
2024-04-20,2,"wk inc flu hosp",2024-05-04,"30","quantile",0.975,58.4805004597182
2024-04-20,3,"wk inc flu hosp",2024-05-11,"30","quantile",0.975,72.48963059628
2024-04-20,-1,"wk inc flu hosp",2024-04-13,"30","quantile",0.99,39.8014226234784
2024-04-20,0,"wk inc flu hosp",2024-04-20,"30","quantile",0.99,39.8442901394855
2024-04-20,1,"wk inc flu hosp",2024-04-27,"30","quantile",0.99,63.9208103529493
2024-04-20,2,"wk inc flu hosp",2024-05-04,"30","quantile",0.99,88.1152846970123
2024-04-20,3,"wk inc flu hosp",2024-05-11,"30","quantile",0.99,115.505543622198
2024-04-20,-1,"wk inc flu hosp",2024-04-13,"31","quantile",0.01,6.21780546916015
2024-04-20,0,"wk inc flu hosp",2024-04-20,"31","quantile",0.01,6.00748719491307
2024-04-20,1,"wk inc flu hosp",2024-04-27,"31","quantile",0.01,2.36597994147223
2024-04-20,2,"wk inc flu hosp",2024-05-04,"31","quantile",0.01,1.15018055531684
2024-04-20,3,"wk inc flu hosp",2024-05-11,"31","quantile",0.01,0.57103764777427
2024-04-20,-1,"wk inc flu hosp",2024-04-13,"31","quantile",0.025,8.09505707769477
2024-04-20,0,"wk inc flu hosp",2024-04-20,"31","quantile",0.025,7.8247830416975
2024-04-20,1,"wk inc flu hosp",2024-04-27,"31","quantile",0.025,3.50272674651268
2024-04-20,2,"wk inc flu hosp",2024-05-04,"31","quantile",0.025,1.97562491121673
2024-04-20,3,"wk inc flu hosp",2024-05-11,"31","quantile",0.025,1.21386337712595
2024-04-20,-1,"wk inc flu hosp",2024-04-13,"31","quantile",0.05,10.1162581687258
2024-04-20,0,"wk inc flu hosp",2024-04-20,"31","quantile",0.05,9.8817708912945
2024-04-20,1,"wk inc flu hosp",2024-04-27,"31","quantile",0.05,4.8168582471419
2024-04-20,2,"wk inc flu hosp",2024-05-04,"31","quantile",0.05,2.8981021286608
2024-04-20,3,"wk inc flu hosp",2024-05-11,"31","quantile",0.05,1.9989619085528
2024-04-20,-1,"wk inc flu hosp",2024-04-13,"31","quantile",0.1,13.0729708539745
2024-04-20,0,"wk inc flu hosp",2024-04-20,"31","quantile",0.1,12.6571381845183
2024-04-20,1,"wk inc flu hosp",2024-04-27,"31","quantile",0.1,6.88762481373307
2024-04-20,2,"wk inc flu hosp",2024-05-04,"31","quantile",0.1,4.39271282971698
2024-04-20,3,"wk inc flu hosp",2024-05-11,"31","quantile",0.1,3.19695445209653
2024-04-20,-1,"wk inc flu hosp",2024-04-13,"31","quantile",0.15,15.473413829778
2024-04-20,0,"wk inc flu hosp",2024-04-20,"31","quantile",0.15,15.003838362417
2024-04-20,1,"wk inc flu hosp",2024-04-27,"31","quantile",0.15,8.62340587247897
2024-04-20,2,"wk inc flu hosp",2024-05-04,"31","quantile",0.15,5.78015068372708
2024-04-20,3,"wk inc flu hosp",2024-05-11,"31","quantile",0.15,4.27809098430032
2024-04-20,-1,"wk inc flu hosp",2024-04-13,"31","quantile",0.2,17.5441183257797
2024-04-20,0,"wk inc flu hosp",2024-04-20,"31","quantile",0.2,17.1161666538198
2024-04-20,1,"wk inc flu hosp",2024-04-27,"31","quantile",0.2,10.3175894787856
2024-04-20,2,"wk inc flu hosp",2024-05-04,"31","quantile",0.2,7.08870541262745
2024-04-20,3,"wk inc flu hosp",2024-05-11,"31","quantile",0.2,5.37786650091508
2024-04-20,-1,"wk inc flu hosp",2024-04-13,"31","quantile",0.25,19.6733933758102
2024-04-20,0,"wk inc flu hosp",2024-04-20,"31","quantile",0.25,19.0502632263604
2024-04-20,1,"wk inc flu hosp",2024-04-27,"31","quantile",0.25,11.9430949753337
2024-04-20,2,"wk inc flu hosp",2024-05-04,"31","quantile",0.25,8.4032763603577
2024-04-20,3,"wk inc flu hosp",2024-05-11,"31","quantile",0.25,6.49316455619173
2024-04-20,-1,"wk inc flu hosp",2024-04-13,"31","quantile",0.3,21.7074723136554
2024-04-20,0,"wk inc flu hosp",2024-04-20,"31","quantile",0.3,21.0593875519278
2024-04-20,1,"wk inc flu hosp",2024-04-27,"31","quantile",0.3,13.6438569281973
2024-04-20,2,"wk inc flu hosp",2024-05-04,"31","quantile",0.3,9.77713204975684
2024-04-20,3,"wk inc flu hosp",2024-05-11,"31","quantile",0.3,7.63638344635666
2024-04-20,-1,"wk inc flu hosp",2024-04-13,"31","quantile",0.35,23.8180069476472
2024-04-20,0,"wk inc flu hosp",2024-04-20,"31","quantile",0.35,23.1048193370965
2024-04-20,1,"wk inc flu hosp",2024-04-27,"31","quantile",0.35,15.4446611689851
2024-04-20,2,"wk inc flu hosp",2024-05-04,"31","quantile",0.35,11.2944225424395
2024-04-20,3,"wk inc flu hosp",2024-05-11,"31","quantile",0.35,8.9214333855901
2024-04-20,-1,"wk inc flu hosp",2024-04-13,"31","quantile",0.4,26.0509327568452
2024-04-20,0,"wk inc flu hosp",2024-04-20,"31","quantile",0.4,25.1629863595621
2024-04-20,1,"wk inc flu hosp",2024-04-27,"31","quantile",0.4,17.3563637701473
2024-04-20,2,"wk inc flu hosp",2024-05-04,"31","quantile",0.4,12.9346968779445
2024-04-20,3,"wk inc flu hosp",2024-05-11,"31","quantile",0.4,10.3162090818442
2024-04-20,-1,"wk inc flu hosp",2024-04-13,"31","quantile",0.45,28.2676598707585
2024-04-20,0,"wk inc flu hosp",2024-04-20,"31","quantile",0.45,27.387759446622
2024-04-20,1,"wk inc flu hosp",2024-04-27,"31","quantile",0.45,19.3750347015966
2024-04-20,2,"wk inc flu hosp",2024-05-04,"31","quantile",0.45,14.7121070392011
2024-04-20,3,"wk inc flu hosp",2024-05-11,"31","quantile",0.45,11.8772682304623
2024-04-20,-1,"wk inc flu hosp",2024-04-13,"31","quantile",0.5,30.6786364442467
2024-04-20,0,"wk inc flu hosp",2024-04-20,"31","quantile",0.5,29.6441927339551
2024-04-20,1,"wk inc flu hosp",2024-04-27,"31","quantile",0.5,21.6484671097696
2024-04-20,2,"wk inc flu hosp",2024-05-04,"31","quantile",0.5,16.7380121900792
2024-04-20,3,"wk inc flu hosp",2024-05-11,"31","quantile",0.5,13.6425941626671
2024-04-20,-1,"wk inc flu hosp",2024-04-13,"31","quantile",0.55,33.2169698995428
2024-04-20,0,"wk inc flu hosp",2024-04-20,"31","quantile",0.55,32.2044656331089
2024-04-20,1,"wk inc flu hosp",2024-04-27,"31","quantile",0.55,24.1613887795036
2024-04-20,2,"wk inc flu hosp",2024-05-04,"31","quantile",0.55,18.8905548358413
2024-04-20,3,"wk inc flu hosp",2024-05-11,"31","quantile",0.55,15.6822858168334
2024-04-20,-1,"wk inc flu hosp",2024-04-13,"31","quantile",0.6,36.0385854220722
2024-04-20,0,"wk inc flu hosp",2024-04-20,"31","quantile",0.6,34.9667514809723
2024-04-20,1,"wk inc flu hosp",2024-04-27,"31","quantile",0.6,26.9895837592551
2024-04-20,2,"wk inc flu hosp",2024-05-04,"31","quantile",0.6,21.5688107036846
2024-04-20,3,"wk inc flu hosp",2024-05-11,"31","quantile",0.6,18.0334370562288
2024-04-20,-1,"wk inc flu hosp",2024-04-13,"31","quantile",0.65,39.1921890129043
2024-04-20,0,"wk inc flu hosp",2024-04-20,"31","quantile",0.65,38.1992047800273
2024-04-20,1,"wk inc flu hosp",2024-04-27,"31","quantile",0.65,30.2272651533137
2024-04-20,2,"wk inc flu hosp",2024-05-04,"31","quantile",0.65,24.7273085780339
2024-04-20,3,"wk inc flu hosp",2024-05-11,"31","quantile",0.65,20.817136341365
2024-04-20,-1,"wk inc flu hosp",2024-04-13,"31","quantile",0.7,42.9725608614267
2024-04-20,0,"wk inc flu hosp",2024-04-20,"31","quantile",0.7,41.7930248443858
2024-04-20,1,"wk inc flu hosp",2024-04-27,"31","quantile",0.7,34.1439579070758
2024-04-20,2,"wk inc flu hosp",2024-05-04,"31","quantile",0.7,28.5235726368077
2024-04-20,3,"wk inc flu hosp",2024-05-11,"31","quantile",0.7,24.1933613350219
2024-04-20,-1,"wk inc flu hosp",2024-04-13,"31","quantile",0.75,47.4459900740416
2024-04-20,0,"wk inc flu hosp",2024-04-20,"31","quantile",0.75,46.0244615182345
2024-04-20,1,"wk inc flu hosp",2024-04-27,"31","quantile",0.75,38.9979157647835
2024-04-20,2,"wk inc flu hosp",2024-05-04,"31","quantile",0.75,33.369286044193
2024-04-20,3,"wk inc flu hosp",2024-05-11,"31","quantile",0.75,28.6877325545774
2024-04-20,-1,"wk inc flu hosp",2024-04-13,"31","quantile",0.8,52.9202113006908
2024-04-20,0,"wk inc flu hosp",2024-04-20,"31","quantile",0.8,51.3698066998494
2024-04-20,1,"wk inc flu hosp",2024-04-27,"31","quantile",0.8,45.0490706538997
2024-04-20,2,"wk inc flu hosp",2024-05-04,"31","quantile",0.8,39.6958159350916
2024-04-20,3,"wk inc flu hosp",2024-05-11,"31","quantile",0.8,34.8883162151217
2024-04-20,-1,"wk inc flu hosp",2024-04-13,"31","quantile",0.85,60.0452133158118
2024-04-20,0,"wk inc flu hosp",2024-04-20,"31","quantile",0.85,58.213534698594
2024-04-20,1,"wk inc flu hosp",2024-04-27,"31","quantile",0.85,53.5326753386845
2024-04-20,2,"wk inc flu hosp",2024-05-04,"31","quantile",0.85,48.5654489516133
2024-04-20,3,"wk inc flu hosp",2024-05-11,"31","quantile",0.85,43.7534856604631
2024-04-20,-1,"wk inc flu hosp",2024-04-13,"31","quantile",0.9,70.17033918018
2024-04-20,0,"wk inc flu hosp",2024-04-20,"31","quantile",0.9,68.4380600877451
2024-04-20,1,"wk inc flu hosp",2024-04-27,"31","quantile",0.9,66.5329934891964
2024-04-20,2,"wk inc flu hosp",2024-05-04,"31","quantile",0.9,62.2840624124955
2024-04-20,3,"wk inc flu hosp",2024-05-11,"31","quantile",0.9,58.3441658733952
2024-04-20,-1,"wk inc flu hosp",2024-04-13,"31","quantile",0.95,89.1586223818673
2024-04-20,0,"wk inc flu hosp",2024-04-20,"31","quantile",0.95,87.3712558279199
2024-04-20,1,"wk inc flu hosp",2024-04-27,"31","quantile",0.95,92.6604107358734
2024-04-20,2,"wk inc flu hosp",2024-05-04,"31","quantile",0.95,91.9508752545069
2024-04-20,3,"wk inc flu hosp",2024-05-11,"31","quantile",0.95,89.1441836280667
2024-04-20,-1,"wk inc flu hosp",2024-04-13,"31","quantile",0.975,109.355659107846
2024-04-20,0,"wk inc flu hosp",2024-04-20,"31","quantile",0.975,106.569451405043
2024-04-20,1,"wk inc flu hosp",2024-04-27,"31","quantile",0.975,123.491479115276
2024-04-20,2,"wk inc flu hosp",2024-05-04,"31","quantile",0.975,131.76612968681
2024-04-20,3,"wk inc flu hosp",2024-05-11,"31","quantile",0.975,130.744982299001
2024-04-20,-1,"wk inc flu hosp",2024-04-13,"31","quantile",0.99,140.562398600407
2024-04-20,0,"wk inc flu hosp",2024-04-20,"31","quantile",0.99,134.233333728868
2024-04-20,1,"wk inc flu hosp",2024-04-27,"31","quantile",0.99,174.408884548116
2024-04-20,2,"wk inc flu hosp",2024-05-04,"31","quantile",0.99,198.849464910583
2024-04-20,3,"wk inc flu hosp",2024-05-11,"31","quantile",0.99,210.70114660798
2024-04-20,-1,"wk inc flu hosp",2024-04-13,"32","quantile",0.01,4.41123630724009
2024-04-20,0,"wk inc flu hosp",2024-04-20,"32","quantile",0.01,4.37416864792196
2024-04-20,1,"wk inc flu hosp",2024-04-27,"32","quantile",0.01,2.20025187762283
2024-04-20,2,"wk inc flu hosp",2024-05-04,"32","quantile",0.01,1.28303059906762
2024-04-20,3,"wk inc flu hosp",2024-05-11,"32","quantile",0.01,0.749372428520426
2024-04-20,-1,"wk inc flu hosp",2024-04-13,"32","quantile",0.025,5.85233658839671
2024-04-20,0,"wk inc flu hosp",2024-04-20,"32","quantile",0.025,5.71289980865214
2024-04-20,1,"wk inc flu hosp",2024-04-27,"32","quantile",0.025,3.29723882003244
2024-04-20,2,"wk inc flu hosp",2024-05-04,"32","quantile",0.025,2.19198357685795
2024-04-20,3,"wk inc flu hosp",2024-05-11,"32","quantile",0.025,1.6260117380972
2024-04-20,-1,"wk inc flu hosp",2024-04-13,"32","quantile",0.05,7.37333265669171
2024-04-20,0,"wk inc flu hosp",2024-04-20,"32","quantile",0.05,7.26743454238582
2024-04-20,1,"wk inc flu hosp",2024-04-27,"32","quantile",0.05,4.65023722981005
2024-04-20,2,"wk inc flu hosp",2024-05-04,"32","quantile",0.05,3.39729077576225
2024-04-20,3,"wk inc flu hosp",2024-05-11,"32","quantile",0.05,2.64047916374586
2024-04-20,-1,"wk inc flu hosp",2024-04-13,"32","quantile",0.1,9.67460805294423
2024-04-20,0,"wk inc flu hosp",2024-04-20,"32","quantile",0.1,9.42375433350707
2024-04-20,1,"wk inc flu hosp",2024-04-27,"32","quantile",0.1,6.69829549419459
2024-04-20,2,"wk inc flu hosp",2024-05-04,"32","quantile",0.1,5.28205426061124
2024-04-20,3,"wk inc flu hosp",2024-05-11,"32","quantile",0.1,4.3774075938646
2024-04-20,-1,"wk inc flu hosp",2024-04-13,"32","quantile",0.15,11.4424287845775
2024-04-20,0,"wk inc flu hosp",2024-04-20,"32","quantile",0.15,11.1996994839374
2024-04-20,1,"wk inc flu hosp",2024-04-27,"32","quantile",0.15,8.44853713313335
2024-04-20,2,"wk inc flu hosp",2024-05-04,"32","quantile",0.15,6.99016121657073
2024-04-20,3,"wk inc flu hosp",2024-05-11,"32","quantile",0.15,6.02573958791937
2024-04-20,-1,"wk inc flu hosp",2024-04-13,"32","quantile",0.2,13.0942345584723
2024-04-20,0,"wk inc flu hosp",2024-04-20,"32","quantile",0.2,12.8386092302821
2024-04-20,1,"wk inc flu hosp",2024-04-27,"32","quantile",0.2,10.1649692534131
2024-04-20,2,"wk inc flu hosp",2024-05-04,"32","quantile",0.2,8.71024018236343
2024-04-20,3,"wk inc flu hosp",2024-05-11,"32","quantile",0.2,7.66511434145404
2024-04-20,-1,"wk inc flu hosp",2024-04-13,"32","quantile",0.25,14.6148584483724
2024-04-20,0,"wk inc flu hosp",2024-04-20,"32","quantile",0.25,14.385670879672
2024-04-20,1,"wk inc flu hosp",2024-04-27,"32","quantile",0.25,11.8730432349242
2024-04-20,2,"wk inc flu hosp",2024-05-04,"32","quantile",0.25,10.4784967872777
2024-04-20,3,"wk inc flu hosp",2024-05-11,"32","quantile",0.25,9.43301675325262
2024-04-20,-1,"wk inc flu hosp",2024-04-13,"32","quantile",0.3,16.2143175470288
2024-04-20,0,"wk inc flu hosp",2024-04-20,"32","quantile",0.3,15.8164317634915
2024-04-20,1,"wk inc flu hosp",2024-04-27,"32","quantile",0.3,13.6595473479328
2024-04-20,2,"wk inc flu hosp",2024-05-04,"32","quantile",0.3,12.3403556900952
2024-04-20,3,"wk inc flu hosp",2024-05-11,"32","quantile",0.3,11.3154660090097
2024-04-20,-1,"wk inc flu hosp",2024-04-13,"32","quantile",0.35,17.7774356623816
2024-04-20,0,"wk inc flu hosp",2024-04-20,"32","quantile",0.35,17.3851351653833
2024-04-20,1,"wk inc flu hosp",2024-04-27,"32","quantile",0.35,15.5906920335472
2024-04-20,2,"wk inc flu hosp",2024-05-04,"32","quantile",0.35,14.3542672810678
2024-04-20,3,"wk inc flu hosp",2024-05-11,"32","quantile",0.35,13.3593744557164
2024-04-20,-1,"wk inc flu hosp",2024-04-13,"32","quantile",0.4,19.3905094526233
2024-04-20,0,"wk inc flu hosp",2024-04-20,"32","quantile",0.4,18.9792877382133
2024-04-20,1,"wk inc flu hosp",2024-04-27,"32","quantile",0.4,17.5666034354502
2024-04-20,2,"wk inc flu hosp",2024-05-04,"32","quantile",0.4,16.6176426380042
2024-04-20,3,"wk inc flu hosp",2024-05-11,"32","quantile",0.4,15.6727949130296
2024-04-20,-1,"wk inc flu hosp",2024-04-13,"32","quantile",0.45,21.135193722529
2024-04-20,0,"wk inc flu hosp",2024-04-20,"32","quantile",0.45,20.7147767601097
2024-04-20,1,"wk inc flu hosp",2024-04-27,"32","quantile",0.45,19.7705114893736
2024-04-20,2,"wk inc flu hosp",2024-05-04,"32","quantile",0.45,19.0814998907304
2024-04-20,3,"wk inc flu hosp",2024-05-11,"32","quantile",0.45,18.3076104275331
2024-04-20,-1,"wk inc flu hosp",2024-04-13,"32","quantile",0.5,22.974486456593
2024-04-20,0,"wk inc flu hosp",2024-04-20,"32","quantile",0.5,22.4537763195087
2024-04-20,1,"wk inc flu hosp",2024-04-27,"32","quantile",0.5,22.1099557245969
2024-04-20,2,"wk inc flu hosp",2024-05-04,"32","quantile",0.5,21.8085581000228
2024-04-20,3,"wk inc flu hosp",2024-05-11,"32","quantile",0.5,21.3761688126879
2024-04-20,-1,"wk inc flu hosp",2024-04-13,"32","quantile",0.55,24.9307716182594
2024-04-20,0,"wk inc flu hosp",2024-04-20,"32","quantile",0.55,24.4125043334443
2024-04-20,1,"wk inc flu hosp",2024-04-27,"32","quantile",0.55,24.7039045035021
2024-04-20,2,"wk inc flu hosp",2024-05-04,"32","quantile",0.55,25.0494951274086
2024-04-20,3,"wk inc flu hosp",2024-05-11,"32","quantile",0.55,24.7386927647139
2024-04-20,-1,"wk inc flu hosp",2024-04-13,"32","quantile",0.6,27.1460629216827
2024-04-20,0,"wk inc flu hosp",2024-04-20,"32","quantile",0.6,26.583524618154
2024-04-20,1,"wk inc flu hosp",2024-04-27,"32","quantile",0.6,27.8315879180626
2024-04-20,2,"wk inc flu hosp",2024-05-04,"32","quantile",0.6,28.7786525028062
2024-04-20,3,"wk inc flu hosp",2024-05-11,"32","quantile",0.6,28.8857981396114
2024-04-20,-1,"wk inc flu hosp",2024-04-13,"32","quantile",0.65,29.4924939323634
2024-04-20,0,"wk inc flu hosp",2024-04-20,"32","quantile",0.65,28.9592827748772
2024-04-20,1,"wk inc flu hosp",2024-04-27,"32","quantile",0.65,31.5209827064282
2024-04-20,2,"wk inc flu hosp",2024-05-04,"32","quantile",0.65,33.1874789553853
2024-04-20,3,"wk inc flu hosp",2024-05-11,"32","quantile",0.65,33.6264410449517
2024-04-20,-1,"wk inc flu hosp",2024-04-13,"32","quantile",0.7,32.286391040599
2024-04-20,0,"wk inc flu hosp",2024-04-20,"32","quantile",0.7,31.7407011149875
2024-04-20,1,"wk inc flu hosp",2024-04-27,"32","quantile",0.7,35.7767725307211
2024-04-20,2,"wk inc flu hosp",2024-05-04,"32","quantile",0.7,38.4928197037671
2024-04-20,3,"wk inc flu hosp",2024-05-11,"32","quantile",0.7,39.837691301423
2024-04-20,-1,"wk inc flu hosp",2024-04-13,"32","quantile",0.75,35.4565009829202
2024-04-20,0,"wk inc flu hosp",2024-04-20,"32","quantile",0.75,35.0801039982104
2024-04-20,1,"wk inc flu hosp",2024-04-27,"32","quantile",0.75,40.8738877854304
2024-04-20,2,"wk inc flu hosp",2024-05-04,"32","quantile",0.75,45.3888827010308
2024-04-20,3,"wk inc flu hosp",2024-05-11,"32","quantile",0.75,47.7553009039051
2024-04-20,-1,"wk inc flu hosp",2024-04-13,"32","quantile",0.8,39.6612982210488
2024-04-20,0,"wk inc flu hosp",2024-04-20,"32","quantile",0.8,38.9715976405144
2024-04-20,1,"wk inc flu hosp",2024-04-27,"32","quantile",0.8,47.5198318905363
2024-04-20,2,"wk inc flu hosp",2024-05-04,"32","quantile",0.8,54.2908746580189
2024-04-20,3,"wk inc flu hosp",2024-05-11,"32","quantile",0.8,58.9092144446303
2024-04-20,-1,"wk inc flu hosp",2024-04-13,"32","quantile",0.85,44.8461689500558
2024-04-20,0,"wk inc flu hosp",2024-04-20,"32","quantile",0.85,44.3803160075337
2024-04-20,1,"wk inc flu hosp",2024-04-27,"32","quantile",0.85,56.3992041997193
2024-04-20,2,"wk inc flu hosp",2024-05-04,"32","quantile",0.85,67.8167018207278
2024-04-20,3,"wk inc flu hosp",2024-05-11,"32","quantile",0.85,74.8243887135148
2024-04-20,-1,"wk inc flu hosp",2024-04-13,"32","quantile",0.9,52.7498051577543
2024-04-20,0,"wk inc flu hosp",2024-04-20,"32","quantile",0.9,52.225697201993
2024-04-20,1,"wk inc flu hosp",2024-04-27,"32","quantile",0.9,70.9019342570604
2024-04-20,2,"wk inc flu hosp",2024-05-04,"32","quantile",0.9,88.8225841297721
2024-04-20,3,"wk inc flu hosp",2024-05-11,"32","quantile",0.9,102.993020265346
2024-04-20,-1,"wk inc flu hosp",2024-04-13,"32","quantile",0.95,66.7938171680901
2024-04-20,0,"wk inc flu hosp",2024-04-20,"32","quantile",0.95,66.2842676436759
2024-04-20,1,"wk inc flu hosp",2024-04-27,"32","quantile",0.95,100.223634571634
2024-04-20,2,"wk inc flu hosp",2024-05-04,"32","quantile",0.95,133.901598802866
2024-04-20,3,"wk inc flu hosp",2024-05-11,"32","quantile",0.95,167.091629570867
2024-04-20,-1,"wk inc flu hosp",2024-04-13,"32","quantile",0.975,81.7958830688476
2024-04-20,0,"wk inc flu hosp",2024-04-20,"32","quantile",0.975,81.2837216036512
2024-04-20,1,"wk inc flu hosp",2024-04-27,"32","quantile",0.975,132.947222395597
2024-04-20,2,"wk inc flu hosp",2024-05-04,"32","quantile",0.975,192.809054525236
2024-04-20,3,"wk inc flu hosp",2024-05-11,"32","quantile",0.975,255.424472494789
2024-04-20,-1,"wk inc flu hosp",2024-04-13,"32","quantile",0.99,105.679431639493
2024-04-20,0,"wk inc flu hosp",2024-04-20,"32","quantile",0.99,104.307627682829
2024-04-20,1,"wk inc flu hosp",2024-04-27,"32","quantile",0.99,189.285519114512
2024-04-20,2,"wk inc flu hosp",2024-05-04,"32","quantile",0.99,295.657806619312
2024-04-20,3,"wk inc flu hosp",2024-05-11,"32","quantile",0.99,422.276712881041
2024-04-20,-1,"wk inc flu hosp",2024-04-13,"33","quantile",0.01,1.69551405986665
2024-04-20,0,"wk inc flu hosp",2024-04-20,"33","quantile",0.01,1.64525758127211
2024-04-20,1,"wk inc flu hosp",2024-04-27,"33","quantile",0.01,0.37879283706262
2024-04-20,2,"wk inc flu hosp",2024-05-04,"33","quantile",0.01,0
2024-04-20,3,"wk inc flu hosp",2024-05-11,"33","quantile",0.01,0
2024-04-20,-1,"wk inc flu hosp",2024-04-13,"33","quantile",0.025,2.49741345578229
2024-04-20,0,"wk inc flu hosp",2024-04-20,"33","quantile",0.025,2.43310245023481
2024-04-20,1,"wk inc flu hosp",2024-04-27,"33","quantile",0.025,0.934114568368844
2024-04-20,2,"wk inc flu hosp",2024-05-04,"33","quantile",0.025,0.346178417229086
2024-04-20,3,"wk inc flu hosp",2024-05-11,"33","quantile",0.025,0.021086747498307
2024-04-20,-1,"wk inc flu hosp",2024-04-13,"33","quantile",0.05,3.32544936385062
2024-04-20,0,"wk inc flu hosp",2024-04-20,"33","quantile",0.05,3.28731382117962
2024-04-20,1,"wk inc flu hosp",2024-04-27,"33","quantile",0.05,1.61049449595868
2024-04-20,2,"wk inc flu hosp",2024-05-04,"33","quantile",0.05,0.872328292563286
2024-04-20,3,"wk inc flu hosp",2024-05-11,"33","quantile",0.05,0.440813209100564
2024-04-20,-1,"wk inc flu hosp",2024-04-13,"33","quantile",0.1,4.55143489436848
2024-04-20,0,"wk inc flu hosp",2024-04-20,"33","quantile",0.1,4.51492085203731
2024-04-20,1,"wk inc flu hosp",2024-04-27,"33","quantile",0.1,2.64969747805907
2024-04-20,2,"wk inc flu hosp",2024-05-04,"33","quantile",0.1,1.72682605407407
2024-04-20,3,"wk inc flu hosp",2024-05-11,"33","quantile",0.1,1.17460361801277
2024-04-20,-1,"wk inc flu hosp",2024-04-13,"33","quantile",0.15,5.59022202155278
2024-04-20,0,"wk inc flu hosp",2024-04-20,"33","quantile",0.15,5.50048509373524
2024-04-20,1,"wk inc flu hosp",2024-04-27,"33","quantile",0.15,3.55714981253613
2024-04-20,2,"wk inc flu hosp",2024-05-04,"33","quantile",0.15,2.50889163299667
2024-04-20,3,"wk inc flu hosp",2024-05-11,"33","quantile",0.15,1.88226024291409
2024-04-20,-1,"wk inc flu hosp",2024-04-13,"33","quantile",0.2,6.54275136306534
2024-04-20,0,"wk inc flu hosp",2024-04-20,"33","quantile",0.2,6.45738717023134
2024-04-20,1,"wk inc flu hosp",2024-04-27,"33","quantile",0.2,4.45129476263031
2024-04-20,2,"wk inc flu hosp",2024-05-04,"33","quantile",0.2,3.31164028340347
2024-04-20,3,"wk inc flu hosp",2024-05-11,"33","quantile",0.2,2.62636762004447
2024-04-20,-1,"wk inc flu hosp",2024-04-13,"33","quantile",0.25,7.44626645456757
2024-04-20,0,"wk inc flu hosp",2024-04-20,"33","quantile",0.25,7.35683771901681
2024-04-20,1,"wk inc flu hosp",2024-04-27,"33","quantile",0.25,5.35354988337162
2024-04-20,2,"wk inc flu hosp",2024-05-04,"33","quantile",0.25,4.1309462601666
2024-04-20,3,"wk inc flu hosp",2024-05-11,"33","quantile",0.25,3.38015791674588
2024-04-20,-1,"wk inc flu hosp",2024-04-13,"33","quantile",0.3,8.37368437049231
2024-04-20,0,"wk inc flu hosp",2024-04-20,"33","quantile",0.3,8.26997156507722
2024-04-20,1,"wk inc flu hosp",2024-04-27,"33","quantile",0.3,6.28748362617579
2024-04-20,2,"wk inc flu hosp",2024-05-04,"33","quantile",0.3,4.99703072692182
2024-04-20,3,"wk inc flu hosp",2024-05-11,"33","quantile",0.3,4.21887469567509
2024-04-20,-1,"wk inc flu hosp",2024-04-13,"33","quantile",0.35,9.32953420570142
2024-04-20,0,"wk inc flu hosp",2024-04-20,"33","quantile",0.35,9.18743737024936
2024-04-20,1,"wk inc flu hosp",2024-04-27,"33","quantile",0.35,7.28064266870048
2024-04-20,2,"wk inc flu hosp",2024-05-04,"33","quantile",0.35,5.93579947739415
2024-04-20,3,"wk inc flu hosp",2024-05-11,"33","quantile",0.35,5.12039986029764
2024-04-20,-1,"wk inc flu hosp",2024-04-13,"33","quantile",0.4,10.3112387487089
2024-04-20,0,"wk inc flu hosp",2024-04-20,"33","quantile",0.4,10.1377852322955
2024-04-20,1,"wk inc flu hosp",2024-04-27,"33","quantile",0.4,8.31031258903053
2024-04-20,2,"wk inc flu hosp",2024-05-04,"33","quantile",0.4,7.00556340296889
2024-04-20,3,"wk inc flu hosp",2024-05-11,"33","quantile",0.4,6.11743144256117
2024-04-20,-1,"wk inc flu hosp",2024-04-13,"33","quantile",0.45,11.3509136749106
2024-04-20,0,"wk inc flu hosp",2024-04-20,"33","quantile",0.45,11.1725006496809
2024-04-20,1,"wk inc flu hosp",2024-04-27,"33","quantile",0.45,9.4522415052857
2024-04-20,2,"wk inc flu hosp",2024-05-04,"33","quantile",0.45,8.19704499442876
2024-04-20,3,"wk inc flu hosp",2024-05-11,"33","quantile",0.45,7.23197638344557
2024-04-20,-1,"wk inc flu hosp",2024-04-13,"33","quantile",0.5,12.422064803158
2024-04-20,0,"wk inc flu hosp",2024-04-20,"33","quantile",0.5,12.2949908320333
2024-04-20,1,"wk inc flu hosp",2024-04-27,"33","quantile",0.5,10.6982376398738
2024-04-20,2,"wk inc flu hosp",2024-05-04,"33","quantile",0.5,9.53057750208924
2024-04-20,3,"wk inc flu hosp",2024-05-11,"33","quantile",0.5,8.53658068037621
2024-04-20,-1,"wk inc flu hosp",2024-04-13,"33","quantile",0.55,13.6615088999683
2024-04-20,0,"wk inc flu hosp",2024-04-20,"33","quantile",0.55,13.4976585646288
2024-04-20,1,"wk inc flu hosp",2024-04-27,"33","quantile",0.55,12.1819842714435
2024-04-20,2,"wk inc flu hosp",2024-05-04,"33","quantile",0.55,11.0241196259084
2024-04-20,3,"wk inc flu hosp",2024-05-11,"33","quantile",0.55,10.0525623785553
2024-04-20,-1,"wk inc flu hosp",2024-04-13,"33","quantile",0.6,15.0048037614324
2024-04-20,0,"wk inc flu hosp",2024-04-20,"33","quantile",0.6,14.782798530073
2024-04-20,1,"wk inc flu hosp",2024-04-27,"33","quantile",0.6,13.7984453036174
2024-04-20,2,"wk inc flu hosp",2024-05-04,"33","quantile",0.6,12.7413574926175
2024-04-20,3,"wk inc flu hosp",2024-05-11,"33","quantile",0.6,11.8127256873208
2024-04-20,-1,"wk inc flu hosp",2024-04-13,"33","quantile",0.65,16.4568367564718
2024-04-20,0,"wk inc flu hosp",2024-04-20,"33","quantile",0.65,16.2178876721617
2024-04-20,1,"wk inc flu hosp",2024-04-27,"33","quantile",0.65,15.7043534517751
2024-04-20,2,"wk inc flu hosp",2024-05-04,"33","quantile",0.65,14.9416694478981
2024-04-20,3,"wk inc flu hosp",2024-05-11,"33","quantile",0.65,13.8851525227201
2024-04-20,-1,"wk inc flu hosp",2024-04-13,"33","quantile",0.7,18.1880225211495
2024-04-20,0,"wk inc flu hosp",2024-04-20,"33","quantile",0.7,17.9740411569431
2024-04-20,1,"wk inc flu hosp",2024-04-27,"33","quantile",0.7,18.0109629783446
2024-04-20,2,"wk inc flu hosp",2024-05-04,"33","quantile",0.7,17.5305230919491
2024-04-20,3,"wk inc flu hosp",2024-05-11,"33","quantile",0.7,16.5899465109012
2024-04-20,-1,"wk inc flu hosp",2024-04-13,"33","quantile",0.75,20.2806831397364
2024-04-20,0,"wk inc flu hosp",2024-04-20,"33","quantile",0.75,19.9449550862112
2024-04-20,1,"wk inc flu hosp",2024-04-27,"33","quantile",0.75,20.8216625764335
2024-04-20,2,"wk inc flu hosp",2024-05-04,"33","quantile",0.75,20.671376865764
2024-04-20,3,"wk inc flu hosp",2024-05-11,"33","quantile",0.75,20.1398410678384
2024-04-20,-1,"wk inc flu hosp",2024-04-13,"33","quantile",0.8,22.8715001156053
2024-04-20,0,"wk inc flu hosp",2024-04-20,"33","quantile",0.8,22.5585170805726
2024-04-20,1,"wk inc flu hosp",2024-04-27,"33","quantile",0.8,24.3418053059587
2024-04-20,2,"wk inc flu hosp",2024-05-04,"33","quantile",0.8,25.1242226163576
2024-04-20,3,"wk inc flu hosp",2024-05-11,"33","quantile",0.8,24.7934531310417
2024-04-20,-1,"wk inc flu hosp",2024-04-13,"33","quantile",0.85,26.2513756236506
2024-04-20,0,"wk inc flu hosp",2024-04-20,"33","quantile",0.85,25.9885423730895
2024-04-20,1,"wk inc flu hosp",2024-04-27,"33","quantile",0.85,29.5205548751438
2024-04-20,2,"wk inc flu hosp",2024-05-04,"33","quantile",0.85,31.4390638485996
2024-04-20,3,"wk inc flu hosp",2024-05-11,"33","quantile",0.85,32.0096869548264
2024-04-20,-1,"wk inc flu hosp",2024-04-13,"33","quantile",0.9,31.2673249238559
2024-04-20,0,"wk inc flu hosp",2024-04-20,"33","quantile",0.9,30.7410185881976
2024-04-20,1,"wk inc flu hosp",2024-04-27,"33","quantile",0.9,37.4706122880048
2024-04-20,2,"wk inc flu hosp",2024-05-04,"33","quantile",0.9,41.8171284549523
2024-04-20,3,"wk inc flu hosp",2024-05-11,"33","quantile",0.9,43.6948133944398
2024-04-20,-1,"wk inc flu hosp",2024-04-13,"33","quantile",0.95,40.4763293842696
2024-04-20,0,"wk inc flu hosp",2024-04-20,"33","quantile",0.95,39.6341287813348
2024-04-20,1,"wk inc flu hosp",2024-04-27,"33","quantile",0.95,53.0345223509426
2024-04-20,2,"wk inc flu hosp",2024-05-04,"33","quantile",0.95,64.0538794630242
2024-04-20,3,"wk inc flu hosp",2024-05-11,"33","quantile",0.95,71.7741499546954
2024-04-20,-1,"wk inc flu hosp",2024-04-13,"33","quantile",0.975,50.2098411275068
2024-04-20,0,"wk inc flu hosp",2024-04-20,"33","quantile",0.975,50.2702155933772
2024-04-20,1,"wk inc flu hosp",2024-04-27,"33","quantile",0.975,72.8056635433525
2024-04-20,2,"wk inc flu hosp",2024-05-04,"33","quantile",0.975,92.7080227892396
2024-04-20,3,"wk inc flu hosp",2024-05-11,"33","quantile",0.975,109.67360625354
2024-04-20,-1,"wk inc flu hosp",2024-04-13,"33","quantile",0.99,65.4266401662562
2024-04-20,0,"wk inc flu hosp",2024-04-20,"33","quantile",0.99,64.97423049884
2024-04-20,1,"wk inc flu hosp",2024-04-27,"33","quantile",0.99,104.076767415683
2024-04-20,2,"wk inc flu hosp",2024-05-04,"33","quantile",0.99,139.034167980075
2024-04-20,3,"wk inc flu hosp",2024-05-11,"33","quantile",0.99,176.017714926691
2024-04-20,-1,"wk inc flu hosp",2024-04-13,"34","quantile",0.01,28.935304891719
2024-04-20,0,"wk inc flu hosp",2024-04-20,"34","quantile",0.01,28.1969689020149
2024-04-20,1,"wk inc flu hosp",2024-04-27,"34","quantile",0.01,13.9870425036179
2024-04-20,2,"wk inc flu hosp",2024-05-04,"34","quantile",0.01,8.64021344533685
2024-04-20,3,"wk inc flu hosp",2024-05-11,"34","quantile",0.01,6.55636709296521
2024-04-20,-1,"wk inc flu hosp",2024-04-13,"34","quantile",0.025,34.6325655538071
2024-04-20,0,"wk inc flu hosp",2024-04-20,"34","quantile",0.025,33.7349698011409
2024-04-20,1,"wk inc flu hosp",2024-04-27,"34","quantile",0.025,17.6460778479936
2024-04-20,2,"wk inc flu hosp",2024-05-04,"34","quantile",0.025,11.4594937145137
2024-04-20,3,"wk inc flu hosp",2024-05-11,"34","quantile",0.025,8.89720351052624
2024-04-20,-1,"wk inc flu hosp",2024-04-13,"34","quantile",0.05,40.4343326531788
2024-04-20,0,"wk inc flu hosp",2024-04-20,"34","quantile",0.05,39.475925658509
2024-04-20,1,"wk inc flu hosp",2024-04-27,"34","quantile",0.05,21.6796777629866
2024-04-20,2,"wk inc flu hosp",2024-05-04,"34","quantile",0.05,14.5585176847113
2024-04-20,3,"wk inc flu hosp",2024-05-11,"34","quantile",0.05,11.4133053534745
2024-04-20,-1,"wk inc flu hosp",2024-04-13,"34","quantile",0.1,48.3928458284944
2024-04-20,0,"wk inc flu hosp",2024-04-20,"34","quantile",0.1,46.9805110118698
2024-04-20,1,"wk inc flu hosp",2024-04-27,"34","quantile",0.1,27.6007390224465
2024-04-20,2,"wk inc flu hosp",2024-05-04,"34","quantile",0.1,19.2375416753729
2024-04-20,3,"wk inc flu hosp",2024-05-11,"34","quantile",0.1,15.3174228168104
2024-04-20,-1,"wk inc flu hosp",2024-04-13,"34","quantile",0.15,54.4948092303929
2024-04-20,0,"wk inc flu hosp",2024-04-20,"34","quantile",0.15,52.9248184907941
2024-04-20,1,"wk inc flu hosp",2024-04-27,"34","quantile",0.15,32.3320245301786
2024-04-20,2,"wk inc flu hosp",2024-05-04,"34","quantile",0.15,23.2628479078895
2024-04-20,3,"wk inc flu hosp",2024-05-11,"34","quantile",0.15,18.7756062474964
2024-04-20,-1,"wk inc flu hosp",2024-04-13,"34","quantile",0.2,59.6937880302037
2024-04-20,0,"wk inc flu hosp",2024-04-20,"34","quantile",0.2,58.2289298995854
2024-04-20,1,"wk inc flu hosp",2024-04-27,"34","quantile",0.2,36.8822865322893
2024-04-20,2,"wk inc flu hosp",2024-05-04,"34","quantile",0.2,27.1763270518345
2024-04-20,3,"wk inc flu hosp",2024-05-11,"34","quantile",0.2,22.1570645871933
2024-04-20,-1,"wk inc flu hosp",2024-04-13,"34","quantile",0.25,64.6705869469901
2024-04-20,0,"wk inc flu hosp",2024-04-20,"34","quantile",0.25,63.2450105979235
2024-04-20,1,"wk inc flu hosp",2024-04-27,"34","quantile",0.25,41.2950846944856
2024-04-20,2,"wk inc flu hosp",2024-05-04,"34","quantile",0.25,30.8919096382318
2024-04-20,3,"wk inc flu hosp",2024-05-11,"34","quantile",0.25,25.5489096819972
2024-04-20,-1,"wk inc flu hosp",2024-04-13,"34","quantile",0.3,69.6263130266953
2024-04-20,0,"wk inc flu hosp",2024-04-20,"34","quantile",0.3,68.0928838908777
2024-04-20,1,"wk inc flu hosp",2024-04-27,"34","quantile",0.3,45.5617639384487
2024-04-20,2,"wk inc flu hosp",2024-05-04,"34","quantile",0.3,34.6752005501446
2024-04-20,3,"wk inc flu hosp",2024-05-11,"34","quantile",0.3,29.1108042998102
2024-04-20,-1,"wk inc flu hosp",2024-04-13,"34","quantile",0.35,74.4752372902294
2024-04-20,0,"wk inc flu hosp",2024-04-20,"34","quantile",0.35,72.806183480186
2024-04-20,1,"wk inc flu hosp",2024-04-27,"34","quantile",0.35,49.8907902035428
2024-04-20,2,"wk inc flu hosp",2024-05-04,"34","quantile",0.35,38.575902900738
2024-04-20,3,"wk inc flu hosp",2024-05-11,"34","quantile",0.35,32.8763380052511
2024-04-20,-1,"wk inc flu hosp",2024-04-13,"34","quantile",0.4,79.3261200423376
2024-04-20,0,"wk inc flu hosp",2024-04-20,"34","quantile",0.4,77.4945078355315
2024-04-20,1,"wk inc flu hosp",2024-04-27,"34","quantile",0.4,54.6970558347146
2024-04-20,2,"wk inc flu hosp",2024-05-04,"34","quantile",0.4,42.7364560417049
2024-04-20,3,"wk inc flu hosp",2024-05-11,"34","quantile",0.4,36.7838683434666
2024-04-20,-1,"wk inc flu hosp",2024-04-13,"34","quantile",0.45,84.4132672948575
2024-04-20,0,"wk inc flu hosp",2024-04-20,"34","quantile",0.45,82.5114299529306
2024-04-20,1,"wk inc flu hosp",2024-04-27,"34","quantile",0.45,59.5172881281381
2024-04-20,2,"wk inc flu hosp",2024-05-04,"34","quantile",0.45,47.3503828582837
2024-04-20,3,"wk inc flu hosp",2024-05-11,"34","quantile",0.45,41.106885473138
2024-04-20,-1,"wk inc flu hosp",2024-04-13,"34","quantile",0.5,89.72000516285
2024-04-20,0,"wk inc flu hosp",2024-04-20,"34","quantile",0.5,87.775725201765
2024-04-20,1,"wk inc flu hosp",2024-04-27,"34","quantile",0.5,64.7705852034858
2024-04-20,2,"wk inc flu hosp",2024-05-04,"34","quantile",0.5,52.133255548853
2024-04-20,3,"wk inc flu hosp",2024-05-11,"34","quantile",0.5,45.8668584168846
2024-04-20,-1,"wk inc flu hosp",2024-04-13,"34","quantile",0.55,95.1610091545429
2024-04-20,0,"wk inc flu hosp",2024-04-20,"34","quantile",0.55,93.3919470803445
2024-04-20,1,"wk inc flu hosp",2024-04-27,"34","quantile",0.55,70.5033297811028
2024-04-20,2,"wk inc flu hosp",2024-05-04,"34","quantile",0.55,57.5365113504387
2024-04-20,3,"wk inc flu hosp",2024-05-11,"34","quantile",0.55,51.134615047076
2024-04-20,-1,"wk inc flu hosp",2024-04-13,"34","quantile",0.6,100.962237747081
2024-04-20,0,"wk inc flu hosp",2024-04-20,"34","quantile",0.6,99.4625967326259
2024-04-20,1,"wk inc flu hosp",2024-04-27,"34","quantile",0.6,76.9212402187628
2024-04-20,2,"wk inc flu hosp",2024-05-04,"34","quantile",0.6,63.6838828700423
2024-04-20,3,"wk inc flu hosp",2024-05-11,"34","quantile",0.6,57.2761467114729
2024-04-20,-1,"wk inc flu hosp",2024-04-13,"34","quantile",0.65,107.459936490626
2024-04-20,0,"wk inc flu hosp",2024-04-20,"34","quantile",0.65,105.924307912622
2024-04-20,1,"wk inc flu hosp",2024-04-27,"34","quantile",0.65,84.1434040865617
2024-04-20,2,"wk inc flu hosp",2024-05-04,"34","quantile",0.65,70.6569625520855
2024-04-20,3,"wk inc flu hosp",2024-05-11,"34","quantile",0.65,64.5693856935808
2024-04-20,-1,"wk inc flu hosp",2024-04-13,"34","quantile",0.7,114.657720016421
2024-04-20,0,"wk inc flu hosp",2024-04-20,"34","quantile",0.7,113.311454996236
2024-04-20,1,"wk inc flu hosp",2024-04-27,"34","quantile",0.7,92.6101386355503
2024-04-20,2,"wk inc flu hosp",2024-05-04,"34","quantile",0.7,79.3367939208778
2024-04-20,3,"wk inc flu hosp",2024-05-11,"34","quantile",0.7,73.0156006604081
2024-04-20,-1,"wk inc flu hosp",2024-04-13,"34","quantile",0.75,123.253098401697
2024-04-20,0,"wk inc flu hosp",2024-04-20,"34","quantile",0.75,121.556585878428
2024-04-20,1,"wk inc flu hosp",2024-04-27,"34","quantile",0.75,102.7255732339
2024-04-20,2,"wk inc flu hosp",2024-05-04,"34","quantile",0.75,90.057623739631
2024-04-20,3,"wk inc flu hosp",2024-05-11,"34","quantile",0.75,83.6906543320132
2024-04-20,-1,"wk inc flu hosp",2024-04-13,"34","quantile",0.8,133.758270822988
2024-04-20,0,"wk inc flu hosp",2024-04-20,"34","quantile",0.8,131.921941068636
2024-04-20,1,"wk inc flu hosp",2024-04-27,"34","quantile",0.8,114.811443283849
2024-04-20,2,"wk inc flu hosp",2024-05-04,"34","quantile",0.8,103.302944349402
2024-04-20,3,"wk inc flu hosp",2024-05-11,"34","quantile",0.8,97.8999458204959
2024-04-20,-1,"wk inc flu hosp",2024-04-13,"34","quantile",0.85,147.10843418768
2024-04-20,0,"wk inc flu hosp",2024-04-20,"34","quantile",0.85,144.890873171049
2024-04-20,1,"wk inc flu hosp",2024-04-27,"34","quantile",0.85,131.564841808333
2024-04-20,2,"wk inc flu hosp",2024-05-04,"34","quantile",0.85,121.279492082008
2024-04-20,3,"wk inc flu hosp",2024-05-11,"34","quantile",0.85,118.056876649328
2024-04-20,-1,"wk inc flu hosp",2024-04-13,"34","quantile",0.9,165.339101009319
2024-04-20,0,"wk inc flu hosp",2024-04-20,"34","quantile",0.9,163.309509951623
2024-04-20,1,"wk inc flu hosp",2024-04-27,"34","quantile",0.9,156.036850166253
2024-04-20,2,"wk inc flu hosp",2024-05-04,"34","quantile",0.9,149.661657572236
2024-04-20,3,"wk inc flu hosp",2024-05-11,"34","quantile",0.9,149.968364267953
2024-04-20,-1,"wk inc flu hosp",2024-04-13,"34","quantile",0.95,197.149345587759
2024-04-20,0,"wk inc flu hosp",2024-04-20,"34","quantile",0.95,194.350059256169
2024-04-20,1,"wk inc flu hosp",2024-04-27,"34","quantile",0.95,201.02084023557
2024-04-20,2,"wk inc flu hosp",2024-05-04,"34","quantile",0.95,203.052894249103
2024-04-20,3,"wk inc flu hosp",2024-05-11,"34","quantile",0.95,213.710666959444
2024-04-20,-1,"wk inc flu hosp",2024-04-13,"34","quantile",0.975,231.187586827067
2024-04-20,0,"wk inc flu hosp",2024-04-20,"34","quantile",0.975,226.440177700512
2024-04-20,1,"wk inc flu hosp",2024-04-27,"34","quantile",0.975,252.819612679234
2024-04-20,2,"wk inc flu hosp",2024-05-04,"34","quantile",0.975,269.928099022451
2024-04-20,3,"wk inc flu hosp",2024-05-11,"34","quantile",0.975,294.740305991068
2024-04-20,-1,"wk inc flu hosp",2024-04-13,"34","quantile",0.99,276.345286316777
2024-04-20,0,"wk inc flu hosp",2024-04-20,"34","quantile",0.99,271.055069561048
2024-04-20,1,"wk inc flu hosp",2024-04-27,"34","quantile",0.99,331.659361820814
2024-04-20,2,"wk inc flu hosp",2024-05-04,"34","quantile",0.99,369.268670014301
2024-04-20,3,"wk inc flu hosp",2024-05-11,"34","quantile",0.99,435.354830164996
2024-04-20,-1,"wk inc flu hosp",2024-04-13,"35","quantile",0.01,2.94341966441342
2024-04-20,0,"wk inc flu hosp",2024-04-20,"35","quantile",0.01,2.90162488469703
2024-04-20,1,"wk inc flu hosp",2024-04-27,"35","quantile",0.01,1.30089025756832
2024-04-20,2,"wk inc flu hosp",2024-05-04,"35","quantile",0.01,0.719492853721025
2024-04-20,3,"wk inc flu hosp",2024-05-11,"35","quantile",0.01,0.398515232527405
2024-04-20,-1,"wk inc flu hosp",2024-04-13,"35","quantile",0.025,4.03124025505178
2024-04-20,0,"wk inc flu hosp",2024-04-20,"35","quantile",0.025,3.92575909027192
2024-04-20,1,"wk inc flu hosp",2024-04-27,"35","quantile",0.025,2.05885158467528
2024-04-20,2,"wk inc flu hosp",2024-05-04,"35","quantile",0.025,1.36982039891555
2024-04-20,3,"wk inc flu hosp",2024-05-11,"35","quantile",0.025,0.945317295788668
2024-04-20,-1,"wk inc flu hosp",2024-04-13,"35","quantile",0.05,5.16849305401297
2024-04-20,0,"wk inc flu hosp",2024-04-20,"35","quantile",0.05,5.05507351306792
2024-04-20,1,"wk inc flu hosp",2024-04-27,"35","quantile",0.05,2.96677358893977
2024-04-20,2,"wk inc flu hosp",2024-05-04,"35","quantile",0.05,2.10652315401629
2024-04-20,3,"wk inc flu hosp",2024-05-11,"35","quantile",0.05,1.60585764722102
2024-04-20,-1,"wk inc flu hosp",2024-04-13,"35","quantile",0.1,6.78956272421614
2024-04-20,0,"wk inc flu hosp",2024-04-20,"35","quantile",0.1,6.61468497468491
2024-04-20,1,"wk inc flu hosp",2024-04-27,"35","quantile",0.1,4.3348665720393
2024-04-20,2,"wk inc flu hosp",2024-05-04,"35","quantile",0.1,3.25058676984979
2024-04-20,3,"wk inc flu hosp",2024-05-11,"35","quantile",0.1,2.65775454797783
2024-04-20,-1,"wk inc flu hosp",2024-04-13,"35","quantile",0.15,8.1439142736589
2024-04-20,0,"wk inc flu hosp",2024-04-20,"35","quantile",0.15,7.90734881296592
2024-04-20,1,"wk inc flu hosp",2024-04-27,"35","quantile",0.15,5.49455998887449
2024-04-20,2,"wk inc flu hosp",2024-05-04,"35","quantile",0.15,4.28560367978184
2024-04-20,3,"wk inc flu hosp",2024-05-11,"35","quantile",0.15,3.60513051369584
2024-04-20,-1,"wk inc flu hosp",2024-04-13,"35","quantile",0.2,9.3287292619753
2024-04-20,0,"wk inc flu hosp",2024-04-20,"35","quantile",0.2,9.07511213559411
2024-04-20,1,"wk inc flu hosp",2024-04-27,"35","quantile",0.2,6.58427950344722
2024-04-20,2,"wk inc flu hosp",2024-05-04,"35","quantile",0.2,5.26606535703476
2024-04-20,3,"wk inc flu hosp",2024-05-11,"35","quantile",0.2,4.51399718994377
2024-04-20,-1,"wk inc flu hosp",2024-04-13,"35","quantile",0.25,10.5022697347908
2024-04-20,0,"wk inc flu hosp",2024-04-20,"35","quantile",0.25,10.1673231285823
2024-04-20,1,"wk inc flu hosp",2024-04-27,"35","quantile",0.25,7.65978714449798
2024-04-20,2,"wk inc flu hosp",2024-05-04,"35","quantile",0.25,6.33253015597935
2024-04-20,3,"wk inc flu hosp",2024-05-11,"35","quantile",0.25,5.45272397937696
2024-04-20,-1,"wk inc flu hosp",2024-04-13,"35","quantile",0.3,11.6534016403011
2024-04-20,0,"wk inc flu hosp",2024-04-20,"35","quantile",0.3,11.2720876720315
2024-04-20,1,"wk inc flu hosp",2024-04-27,"35","quantile",0.3,8.78667780522129
2024-04-20,2,"wk inc flu hosp",2024-05-04,"35","quantile",0.3,7.40588483293389
2024-04-20,3,"wk inc flu hosp",2024-05-11,"35","quantile",0.3,6.41960893211028
2024-04-20,-1,"wk inc flu hosp",2024-04-13,"35","quantile",0.35,12.7984077326838
2024-04-20,0,"wk inc flu hosp",2024-04-20,"35","quantile",0.35,12.3690463618082
2024-04-20,1,"wk inc flu hosp",2024-04-27,"35","quantile",0.35,9.97172198557978
2024-04-20,2,"wk inc flu hosp",2024-05-04,"35","quantile",0.35,8.50995987644888
2024-04-20,3,"wk inc flu hosp",2024-05-11,"35","quantile",0.35,7.46463491409717
2024-04-20,-1,"wk inc flu hosp",2024-04-13,"35","quantile",0.4,14.0320083241513
2024-04-20,0,"wk inc flu hosp",2024-04-20,"35","quantile",0.4,13.4921676655251
2024-04-20,1,"wk inc flu hosp",2024-04-27,"35","quantile",0.4,11.2155497578396
2024-04-20,2,"wk inc flu hosp",2024-05-04,"35","quantile",0.4,9.67839063099544
2024-04-20,3,"wk inc flu hosp",2024-05-11,"35","quantile",0.4,8.58513723833455
2024-04-20,-1,"wk inc flu hosp",2024-04-13,"35","quantile",0.45,15.2845565746432
2024-04-20,0,"wk inc flu hosp",2024-04-20,"35","quantile",0.45,14.6794430814094
2024-04-20,1,"wk inc flu hosp",2024-04-27,"35","quantile",0.45,12.5133451353061
2024-04-20,2,"wk inc flu hosp",2024-05-04,"35","quantile",0.45,10.9659919780407
2024-04-20,3,"wk inc flu hosp",2024-05-11,"35","quantile",0.45,9.8873731911917
2024-04-20,-1,"wk inc flu hosp",2024-04-13,"35","quantile",0.5,16.5922966981245
2024-04-20,0,"wk inc flu hosp",2024-04-20,"35","quantile",0.5,15.9877514741922
2024-04-20,1,"wk inc flu hosp",2024-04-27,"35","quantile",0.5,13.9545220435672
2024-04-20,2,"wk inc flu hosp",2024-05-04,"35","quantile",0.5,12.3712417887067
2024-04-20,3,"wk inc flu hosp",2024-05-11,"35","quantile",0.5,11.2803575965809
2024-04-20,-1,"wk inc flu hosp",2024-04-13,"35","quantile",0.55,17.9909753660257
2024-04-20,0,"wk inc flu hosp",2024-04-20,"35","quantile",0.55,17.3922046859807
2024-04-20,1,"wk inc flu hosp",2024-04-27,"35","quantile",0.55,15.5502203263003
2024-04-20,2,"wk inc flu hosp",2024-05-04,"35","quantile",0.55,13.9933613939179
2024-04-20,3,"wk inc flu hosp",2024-05-11,"35","quantile",0.55,12.8652794034249
2024-04-20,-1,"wk inc flu hosp",2024-04-13,"35","quantile",0.6,19.5165856801275
2024-04-20,0,"wk inc flu hosp",2024-04-20,"35","quantile",0.6,18.907408709114
2024-04-20,1,"wk inc flu hosp",2024-04-27,"35","quantile",0.6,17.3870402526169
2024-04-20,2,"wk inc flu hosp",2024-05-04,"35","quantile",0.6,15.9067241523181
2024-04-20,3,"wk inc flu hosp",2024-05-11,"35","quantile",0.6,14.7842422309053
2024-04-20,-1,"wk inc flu hosp",2024-04-13,"35","quantile",0.65,21.3926748486588
2024-04-20,0,"wk inc flu hosp",2024-04-20,"35","quantile",0.65,20.6390258844934
2024-04-20,1,"wk inc flu hosp",2024-04-27,"35","quantile",0.65,19.5504096142772
2024-04-20,2,"wk inc flu hosp",2024-05-04,"35","quantile",0.65,18.1007954227227
2024-04-20,3,"wk inc flu hosp",2024-05-11,"35","quantile",0.65,16.9911709983182
2024-04-20,-1,"wk inc flu hosp",2024-04-13,"35","quantile",0.7,23.5410147946311
2024-04-20,0,"wk inc flu hosp",2024-04-20,"35","quantile",0.7,22.6154776169928
2024-04-20,1,"wk inc flu hosp",2024-04-27,"35","quantile",0.7,21.9329726937392
2024-04-20,2,"wk inc flu hosp",2024-05-04,"35","quantile",0.7,20.7289098085318
2024-04-20,3,"wk inc flu hosp",2024-05-11,"35","quantile",0.7,19.7123573012536
2024-04-20,-1,"wk inc flu hosp",2024-04-13,"35","quantile",0.75,25.9341516435092
2024-04-20,0,"wk inc flu hosp",2024-04-20,"35","quantile",0.75,24.983989298313
2024-04-20,1,"wk inc flu hosp",2024-04-27,"35","quantile",0.75,24.9944480986776
2024-04-20,2,"wk inc flu hosp",2024-05-04,"35","quantile",0.75,24.1385350645526
2024-04-20,3,"wk inc flu hosp",2024-05-11,"35","quantile",0.75,23.0651460423863
2024-04-20,-1,"wk inc flu hosp",2024-04-13,"35","quantile",0.8,28.8461325146912
2024-04-20,0,"wk inc flu hosp",2024-04-20,"35","quantile",0.8,27.836355938917
2024-04-20,1,"wk inc flu hosp",2024-04-27,"35","quantile",0.8,28.9288468478089
2024-04-20,2,"wk inc flu hosp",2024-05-04,"35","quantile",0.8,28.5882563390978
2024-04-20,3,"wk inc flu hosp",2024-05-11,"35","quantile",0.8,27.7522345561909
2024-04-20,-1,"wk inc flu hosp",2024-04-13,"35","quantile",0.85,32.7195282858234
2024-04-20,0,"wk inc flu hosp",2024-04-20,"35","quantile",0.85,31.6671757724035
2024-04-20,1,"wk inc flu hosp",2024-04-27,"35","quantile",0.85,34.1831449504054
2024-04-20,2,"wk inc flu hosp",2024-05-04,"35","quantile",0.85,34.7234414857002
2024-04-20,3,"wk inc flu hosp",2024-05-11,"35","quantile",0.85,34.2733246700271
2024-04-20,-1,"wk inc flu hosp",2024-04-13,"35","quantile",0.9,38.1860150034908
2024-04-20,0,"wk inc flu hosp",2024-04-20,"35","quantile",0.9,37.1551385563371
2024-04-20,1,"wk inc flu hosp",2024-04-27,"35","quantile",0.9,42.6325278193217
2024-04-20,2,"wk inc flu hosp",2024-05-04,"35","quantile",0.9,44.5955169117801
2024-04-20,3,"wk inc flu hosp",2024-05-11,"35","quantile",0.9,45.3998360063606
2024-04-20,-1,"wk inc flu hosp",2024-04-13,"35","quantile",0.95,48.4823139902652
2024-04-20,0,"wk inc flu hosp",2024-04-20,"35","quantile",0.95,47.2825800985072
2024-04-20,1,"wk inc flu hosp",2024-04-27,"35","quantile",0.95,58.4083444921403
2024-04-20,2,"wk inc flu hosp",2024-05-04,"35","quantile",0.95,65.6069101792773
2024-04-20,3,"wk inc flu hosp",2024-05-11,"35","quantile",0.95,68.7641571759452
2024-04-20,-1,"wk inc flu hosp",2024-04-13,"35","quantile",0.975,59.2559615281651
2024-04-20,0,"wk inc flu hosp",2024-04-20,"35","quantile",0.975,58.3224069376419
2024-04-20,1,"wk inc flu hosp",2024-04-27,"35","quantile",0.975,77.0600749390792
2024-04-20,2,"wk inc flu hosp",2024-05-04,"35","quantile",0.975,91.1798076169789
2024-04-20,3,"wk inc flu hosp",2024-05-11,"35","quantile",0.975,100.302737792808
2024-04-20,-1,"wk inc flu hosp",2024-04-13,"35","quantile",0.99,75.2388471876293
2024-04-20,0,"wk inc flu hosp",2024-04-20,"35","quantile",0.99,74.4478429420039
2024-04-20,1,"wk inc flu hosp",2024-04-27,"35","quantile",0.99,107.426440502537
2024-04-20,2,"wk inc flu hosp",2024-05-04,"35","quantile",0.99,134.269846885063
2024-04-20,3,"wk inc flu hosp",2024-05-11,"35","quantile",0.99,157.674879947431
2024-04-20,-1,"wk inc flu hosp",2024-04-13,"36","quantile",0.01,103.884410805558
2024-04-20,0,"wk inc flu hosp",2024-04-20,"36","quantile",0.01,101.105821530249
2024-04-20,1,"wk inc flu hosp",2024-04-27,"36","quantile",0.01,51.2152580126112
2024-04-20,2,"wk inc flu hosp",2024-05-04,"36","quantile",0.01,30.9200050314134
2024-04-20,3,"wk inc flu hosp",2024-05-11,"36","quantile",0.01,21.4202269511839
2024-04-20,-1,"wk inc flu hosp",2024-04-13,"36","quantile",0.025,122.611574276525
2024-04-20,0,"wk inc flu hosp",2024-04-20,"36","quantile",0.025,120.407031189064
2024-04-20,1,"wk inc flu hosp",2024-04-27,"36","quantile",0.025,65.7151140464479
2024-04-20,2,"wk inc flu hosp",2024-05-04,"36","quantile",0.025,41.063136137168
2024-04-20,3,"wk inc flu hosp",2024-05-11,"36","quantile",0.025,28.9310537955912
2024-04-20,-1,"wk inc flu hosp",2024-04-13,"36","quantile",0.05,141.271296664358
2024-04-20,0,"wk inc flu hosp",2024-04-20,"36","quantile",0.05,139.276168969183
2024-04-20,1,"wk inc flu hosp",2024-04-27,"36","quantile",0.05,80.794649874205
2024-04-20,2,"wk inc flu hosp",2024-05-04,"36","quantile",0.05,52.8409089394912
2024-04-20,3,"wk inc flu hosp",2024-05-11,"36","quantile",0.05,38.6440706977844
2024-04-20,-1,"wk inc flu hosp",2024-04-13,"36","quantile",0.1,165.862382611396
2024-04-20,0,"wk inc flu hosp",2024-04-20,"36","quantile",0.1,163.413092800165
2024-04-20,1,"wk inc flu hosp",2024-04-27,"36","quantile",0.1,102.495223230417
2024-04-20,2,"wk inc flu hosp",2024-05-04,"36","quantile",0.1,71.1434600209704
2024-04-20,3,"wk inc flu hosp",2024-05-11,"36","quantile",0.1,53.2290320061348
2024-04-20,-1,"wk inc flu hosp",2024-04-13,"36","quantile",0.15,185.307759170077
2024-04-20,0,"wk inc flu hosp",2024-04-20,"36","quantile",0.15,182.440847928009
2024-04-20,1,"wk inc flu hosp",2024-04-27,"36","quantile",0.15,120.108304469912
2024-04-20,2,"wk inc flu hosp",2024-05-04,"36","quantile",0.15,86.5807180922923
2024-04-20,3,"wk inc flu hosp",2024-05-11,"36","quantile",0.15,66.4027351346673
2024-04-20,-1,"wk inc flu hosp",2024-04-13,"36","quantile",0.2,202.206893064614
2024-04-20,0,"wk inc flu hosp",2024-04-20,"36","quantile",0.2,199.411618510961
2024-04-20,1,"wk inc flu hosp",2024-04-27,"36","quantile",0.2,136.732429537898
2024-04-20,2,"wk inc flu hosp",2024-05-04,"36","quantile",0.2,100.969275315753
2024-04-20,3,"wk inc flu hosp",2024-05-11,"36","quantile",0.2,78.8836911251909
2024-04-20,-1,"wk inc flu hosp",2024-04-13,"36","quantile",0.25,217.530025885756
2024-04-20,0,"wk inc flu hosp",2024-04-20,"36","quantile",0.25,215.091947215516
2024-04-20,1,"wk inc flu hosp",2024-04-27,"36","quantile",0.25,153.200848636655
2024-04-20,2,"wk inc flu hosp",2024-05-04,"36","quantile",0.25,115.780013715433
2024-04-20,3,"wk inc flu hosp",2024-05-11,"36","quantile",0.25,92.2739273010993
2024-04-20,-1,"wk inc flu hosp",2024-04-13,"36","quantile",0.3,232.837285735006
2024-04-20,0,"wk inc flu hosp",2024-04-20,"36","quantile",0.3,230.091313363254
2024-04-20,1,"wk inc flu hosp",2024-04-27,"36","quantile",0.3,169.489881689149
2024-04-20,2,"wk inc flu hosp",2024-05-04,"36","quantile",0.3,131.245567101852
2024-04-20,3,"wk inc flu hosp",2024-05-11,"36","quantile",0.3,106.346212716173
2024-04-20,-1,"wk inc flu hosp",2024-04-13,"36","quantile",0.35,248.014652776444
2024-04-20,0,"wk inc flu hosp",2024-04-20,"36","quantile",0.35,244.818207163016
2024-04-20,1,"wk inc flu hosp",2024-04-27,"36","quantile",0.35,185.592741287882
2024-04-20,2,"wk inc flu hosp",2024-05-04,"36","quantile",0.35,147.127903185933
2024-04-20,3,"wk inc flu hosp",2024-05-11,"36","quantile",0.35,121.149987784817
2024-04-20,-1,"wk inc flu hosp",2024-04-13,"36","quantile",0.4,263.117108417026
2024-04-20,0,"wk inc flu hosp",2024-04-20,"36","quantile",0.4,259.275466398557
2024-04-20,1,"wk inc flu hosp",2024-04-27,"36","quantile",0.4,201.7497434659
2024-04-20,2,"wk inc flu hosp",2024-05-04,"36","quantile",0.4,163.605435389149
2024-04-20,3,"wk inc flu hosp",2024-05-11,"36","quantile",0.4,137.10216608395
2024-04-20,-1,"wk inc flu hosp",2024-04-13,"36","quantile",0.45,278.799835099409
2024-04-20,0,"wk inc flu hosp",2024-04-20,"36","quantile",0.45,274.864183790591
2024-04-20,1,"wk inc flu hosp",2024-04-27,"36","quantile",0.45,219.504093112049
2024-04-20,2,"wk inc flu hosp",2024-05-04,"36","quantile",0.45,181.551458234036
2024-04-20,3,"wk inc flu hosp",2024-05-11,"36","quantile",0.45,154.406038734185
2024-04-20,-1,"wk inc flu hosp",2024-04-13,"36","quantile",0.5,294.722846412696
2024-04-20,0,"wk inc flu hosp",2024-04-20,"36","quantile",0.5,290.87730207144
2024-04-20,1,"wk inc flu hosp",2024-04-27,"36","quantile",0.5,238.466506223846
2024-04-20,2,"wk inc flu hosp",2024-05-04,"36","quantile",0.5,200.690016653016
2024-04-20,3,"wk inc flu hosp",2024-05-11,"36","quantile",0.5,173.077037763794
2024-04-20,-1,"wk inc flu hosp",2024-04-13,"36","quantile",0.55,311.574917090608
2024-04-20,0,"wk inc flu hosp",2024-04-20,"36","quantile",0.55,307.099950933035
2024-04-20,1,"wk inc flu hosp",2024-04-27,"36","quantile",0.55,258.5931713994
2024-04-20,2,"wk inc flu hosp",2024-05-04,"36","quantile",0.55,222.502283904081
2024-04-20,3,"wk inc flu hosp",2024-05-11,"36","quantile",0.55,195.398423166126
2024-04-20,-1,"wk inc flu hosp",2024-04-13,"36","quantile",0.6,329.843033172434
2024-04-20,0,"wk inc flu hosp",2024-04-20,"36","quantile",0.6,325.267984954188
2024-04-20,1,"wk inc flu hosp",2024-04-27,"36","quantile",0.6,281.051185020951
2024-04-20,2,"wk inc flu hosp",2024-05-04,"36","quantile",0.6,247.251588209647
2024-04-20,3,"wk inc flu hosp",2024-05-11,"36","quantile",0.6,220.869858892743
2024-04-20,-1,"wk inc flu hosp",2024-04-13,"36","quantile",0.65,350.14224927134
2024-04-20,0,"wk inc flu hosp",2024-04-20,"36","quantile",0.65,346.291023684798
2024-04-20,1,"wk inc flu hosp",2024-04-27,"36","quantile",0.65,306.660324322981
2024-04-20,2,"wk inc flu hosp",2024-05-04,"36","quantile",0.65,276.05776905262
2024-04-20,3,"wk inc flu hosp",2024-05-11,"36","quantile",0.65,250.6690214298
2024-04-20,-1,"wk inc flu hosp",2024-04-13,"36","quantile",0.7,371.588715332566
2024-04-20,0,"wk inc flu hosp",2024-04-20,"36","quantile",0.7,367.834274865762
2024-04-20,1,"wk inc flu hosp",2024-04-27,"36","quantile",0.7,336.347722043036
2024-04-20,2,"wk inc flu hosp",2024-05-04,"36","quantile",0.7,308.958287773767
2024-04-20,3,"wk inc flu hosp",2024-05-11,"36","quantile",0.7,287.220953326853
2024-04-20,-1,"wk inc flu hosp",2024-04-13,"36","quantile",0.75,398.338546914566
2024-04-20,0,"wk inc flu hosp",2024-04-20,"36","quantile",0.75,394.671682385054
2024-04-20,1,"wk inc flu hosp",2024-04-27,"36","quantile",0.75,371.626716814722
2024-04-20,2,"wk inc flu hosp",2024-05-04,"36","quantile",0.75,351.725558042426
2024-04-20,3,"wk inc flu hosp",2024-05-11,"36","quantile",0.75,332.489849363458
2024-04-20,-1,"wk inc flu hosp",2024-04-13,"36","quantile",0.8,429.604377050441
2024-04-20,0,"wk inc flu hosp",2024-04-20,"36","quantile",0.8,425.977353314214
2024-04-20,1,"wk inc flu hosp",2024-04-27,"36","quantile",0.8,414.898254338146
2024-04-20,2,"wk inc flu hosp",2024-05-04,"36","quantile",0.8,403.001722649811
2024-04-20,3,"wk inc flu hosp",2024-05-11,"36","quantile",0.8,390.837819368974
2024-04-20,-1,"wk inc flu hosp",2024-04-13,"36","quantile",0.85,470.010238646947
2024-04-20,0,"wk inc flu hosp",2024-04-20,"36","quantile",0.85,464.961005332385
2024-04-20,1,"wk inc flu hosp",2024-04-27,"36","quantile",0.85,473.606151122018
2024-04-20,2,"wk inc flu hosp",2024-05-04,"36","quantile",0.85,473.204579476203
2024-04-20,3,"wk inc flu hosp",2024-05-11,"36","quantile",0.85,472.589976628612
2024-04-20,-1,"wk inc flu hosp",2024-04-13,"36","quantile",0.9,523.89471814234
2024-04-20,0,"wk inc flu hosp",2024-04-20,"36","quantile",0.9,519.058355355486
2024-04-20,1,"wk inc flu hosp",2024-04-27,"36","quantile",0.9,557.879423526943
2024-04-20,2,"wk inc flu hosp",2024-05-04,"36","quantile",0.9,587.869134602056
2024-04-20,3,"wk inc flu hosp",2024-05-11,"36","quantile",0.9,604.81068454179
2024-04-20,-1,"wk inc flu hosp",2024-04-13,"36","quantile",0.95,619.718858718296
2024-04-20,0,"wk inc flu hosp",2024-04-20,"36","quantile",0.95,612.238158786876
2024-04-20,1,"wk inc flu hosp",2024-04-27,"36","quantile",0.95,715.914691266706
2024-04-20,2,"wk inc flu hosp",2024-05-04,"36","quantile",0.95,805.602257023789
2024-04-20,3,"wk inc flu hosp",2024-05-11,"36","quantile",0.95,888.425505698785
2024-04-20,-1,"wk inc flu hosp",2024-04-13,"36","quantile",0.975,718.344263371083
2024-04-20,0,"wk inc flu hosp",2024-04-20,"36","quantile",0.975,703.43047219194
2024-04-20,1,"wk inc flu hosp",2024-04-27,"36","quantile",0.975,889.943458752943
2024-04-20,2,"wk inc flu hosp",2024-05-04,"36","quantile",0.975,1061.61323665555
2024-04-20,3,"wk inc flu hosp",2024-05-11,"36","quantile",0.975,1243.49112121409
2024-04-20,-1,"wk inc flu hosp",2024-04-13,"36","quantile",0.99,843.432584954702
2024-04-20,0,"wk inc flu hosp",2024-04-20,"36","quantile",0.99,831.368312325138
2024-04-20,1,"wk inc flu hosp",2024-04-27,"36","quantile",0.99,1145.77583989111
2024-04-20,2,"wk inc flu hosp",2024-05-04,"36","quantile",0.99,1501.40384396902
2024-04-20,3,"wk inc flu hosp",2024-05-11,"36","quantile",0.99,1856.8623591522
2024-04-20,-1,"wk inc flu hosp",2024-04-13,"37","quantile",0.01,14.5748544385115
2024-04-20,0,"wk inc flu hosp",2024-04-20,"37","quantile",0.01,14.2451200621021
2024-04-20,1,"wk inc flu hosp",2024-04-27,"37","quantile",0.01,8.26960712833655
2024-04-20,2,"wk inc flu hosp",2024-05-04,"37","quantile",0.01,5.74191717032229
2024-04-20,3,"wk inc flu hosp",2024-05-11,"37","quantile",0.01,4.72195799822875
2024-04-20,-1,"wk inc flu hosp",2024-04-13,"37","quantile",0.025,17.4452171867817
2024-04-20,0,"wk inc flu hosp",2024-04-20,"37","quantile",0.025,17.2427849772815
2024-04-20,1,"wk inc flu hosp",2024-04-27,"37","quantile",0.025,10.5539836258673
2024-04-20,2,"wk inc flu hosp",2024-05-04,"37","quantile",0.025,7.81810589330862
2024-04-20,3,"wk inc flu hosp",2024-05-11,"37","quantile",0.025,6.44913413125824
2024-04-20,-1,"wk inc flu hosp",2024-04-13,"37","quantile",0.05,20.399667879144
2024-04-20,0,"wk inc flu hosp",2024-04-20,"37","quantile",0.05,20.0332708752276
2024-04-20,1,"wk inc flu hosp",2024-04-27,"37","quantile",0.05,13.024641327728
2024-04-20,2,"wk inc flu hosp",2024-05-04,"37","quantile",0.05,9.8134841546279
2024-04-20,3,"wk inc flu hosp",2024-05-11,"37","quantile",0.05,8.24494868436786
2024-04-20,-1,"wk inc flu hosp",2024-04-13,"37","quantile",0.1,24.1946483502253
2024-04-20,0,"wk inc flu hosp",2024-04-20,"37","quantile",0.1,23.9088570102556
2024-04-20,1,"wk inc flu hosp",2024-04-27,"37","quantile",0.1,16.3359139325717
2024-04-20,2,"wk inc flu hosp",2024-05-04,"37","quantile",0.1,12.8153687753392
2024-04-20,3,"wk inc flu hosp",2024-05-11,"37","quantile",0.1,10.964554791451
2024-04-20,-1,"wk inc flu hosp",2024-04-13,"37","quantile",0.15,27.1910684059499
2024-04-20,0,"wk inc flu hosp",2024-04-20,"37","quantile",0.15,26.8196412682763
2024-04-20,1,"wk inc flu hosp",2024-04-27,"37","quantile",0.15,19.044855012526
2024-04-20,2,"wk inc flu hosp",2024-05-04,"37","quantile",0.15,15.4009472845881
2024-04-20,3,"wk inc flu hosp",2024-05-11,"37","quantile",0.15,13.3161961058892
2024-04-20,-1,"wk inc flu hosp",2024-04-13,"37","quantile",0.2,29.8438939260032
2024-04-20,0,"wk inc flu hosp",2024-04-20,"37","quantile",0.2,29.4019082173856
2024-04-20,1,"wk inc flu hosp",2024-04-27,"37","quantile",0.2,21.6668600596408
2024-04-20,2,"wk inc flu hosp",2024-05-04,"37","quantile",0.2,17.7761422136268
2024-04-20,3,"wk inc flu hosp",2024-05-11,"37","quantile",0.2,15.6277032816274
2024-04-20,-1,"wk inc flu hosp",2024-04-13,"37","quantile",0.25,32.2710970413624
2024-04-20,0,"wk inc flu hosp",2024-04-20,"37","quantile",0.25,31.8199645413355
2024-04-20,1,"wk inc flu hosp",2024-04-27,"37","quantile",0.25,24.1889203472912
2024-04-20,2,"wk inc flu hosp",2024-05-04,"37","quantile",0.25,20.108535356444
2024-04-20,3,"wk inc flu hosp",2024-05-11,"37","quantile",0.25,17.8605699891122
2024-04-20,-1,"wk inc flu hosp",2024-04-13,"37","quantile",0.3,34.6809432035039
2024-04-20,0,"wk inc flu hosp",2024-04-20,"37","quantile",0.3,34.218662990636
2024-04-20,1,"wk inc flu hosp",2024-04-27,"37","quantile",0.3,26.56640304941
2024-04-20,2,"wk inc flu hosp",2024-05-04,"37","quantile",0.3,22.4331335273586
2024-04-20,3,"wk inc flu hosp",2024-05-11,"37","quantile",0.3,20.078569536185
2024-04-20,-1,"wk inc flu hosp",2024-04-13,"37","quantile",0.35,37.0074623271679
2024-04-20,0,"wk inc flu hosp",2024-04-20,"37","quantile",0.35,36.5730221548358
2024-04-20,1,"wk inc flu hosp",2024-04-27,"37","quantile",0.35,28.9408507688505
2024-04-20,2,"wk inc flu hosp",2024-05-04,"37","quantile",0.35,24.8784823623362
2024-04-20,3,"wk inc flu hosp",2024-05-11,"37","quantile",0.35,22.3680362266229
2024-04-20,-1,"wk inc flu hosp",2024-04-13,"37","quantile",0.4,39.4530352327065
2024-04-20,0,"wk inc flu hosp",2024-04-20,"37","quantile",0.4,38.9564604602459
2024-04-20,1,"wk inc flu hosp",2024-04-27,"37","quantile",0.4,31.5546743649623
2024-04-20,2,"wk inc flu hosp",2024-05-04,"37","quantile",0.4,27.4184796187845
2024-04-20,3,"wk inc flu hosp",2024-05-11,"37","quantile",0.4,24.85247186112
2024-04-20,-1,"wk inc flu hosp",2024-04-13,"37","quantile",0.45,41.9174588557921
2024-04-20,0,"wk inc flu hosp",2024-04-20,"37","quantile",0.45,41.3253155752626
2024-04-20,1,"wk inc flu hosp",2024-04-27,"37","quantile",0.45,34.3136272155152
2024-04-20,2,"wk inc flu hosp",2024-05-04,"37","quantile",0.45,30.1007211225781
2024-04-20,3,"wk inc flu hosp",2024-05-11,"37","quantile",0.45,27.624220175416
2024-04-20,-1,"wk inc flu hosp",2024-04-13,"37","quantile",0.5,44.5049695435604
2024-04-20,0,"wk inc flu hosp",2024-04-20,"37","quantile",0.5,43.8536145079547
2024-04-20,1,"wk inc flu hosp",2024-04-27,"37","quantile",0.5,37.2246189304567
2024-04-20,2,"wk inc flu hosp",2024-05-04,"37","quantile",0.5,33.114072730219
2024-04-20,3,"wk inc flu hosp",2024-05-11,"37","quantile",0.5,30.6662512930423
2024-04-20,-1,"wk inc flu hosp",2024-04-13,"37","quantile",0.55,47.1715344368167
2024-04-20,0,"wk inc flu hosp",2024-04-20,"37","quantile",0.55,46.5606854178394
2024-04-20,1,"wk inc flu hosp",2024-04-27,"37","quantile",0.55,40.3612309868984
2024-04-20,2,"wk inc flu hosp",2024-05-04,"37","quantile",0.55,36.3005942194317
2024-04-20,3,"wk inc flu hosp",2024-05-11,"37","quantile",0.55,34.0823660059081
2024-04-20,-1,"wk inc flu hosp",2024-04-13,"37","quantile",0.6,50.0753593926171
2024-04-20,0,"wk inc flu hosp",2024-04-20,"37","quantile",0.6,49.4726926100447
2024-04-20,1,"wk inc flu hosp",2024-04-27,"37","quantile",0.6,43.7143100128412
2024-04-20,2,"wk inc flu hosp",2024-05-04,"37","quantile",0.6,39.9681650351673
2024-04-20,3,"wk inc flu hosp",2024-05-11,"37","quantile",0.6,37.841364884831
2024-04-20,-1,"wk inc flu hosp",2024-04-13,"37","quantile",0.65,53.2939972638228
2024-04-20,0,"wk inc flu hosp",2024-04-20,"37","quantile",0.65,52.5578193460291
2024-04-20,1,"wk inc flu hosp",2024-04-27,"37","quantile",0.65,47.5471882331649
2024-04-20,2,"wk inc flu hosp",2024-05-04,"37","quantile",0.65,44.1402750412457
2024-04-20,3,"wk inc flu hosp",2024-05-11,"37","quantile",0.65,42.1854621418699
2024-04-20,-1,"wk inc flu hosp",2024-04-13,"37","quantile",0.7,56.8799758845333
2024-04-20,0,"wk inc flu hosp",2024-04-20,"37","quantile",0.7,56.2293996349353
2024-04-20,1,"wk inc flu hosp",2024-04-27,"37","quantile",0.7,52.0844885353475
2024-04-20,2,"wk inc flu hosp",2024-05-04,"37","quantile",0.7,49.1183123840605
2024-04-20,3,"wk inc flu hosp",2024-05-11,"37","quantile",0.7,47.2378599728255
2024-04-20,-1,"wk inc flu hosp",2024-04-13,"37","quantile",0.75,61.2312688126659
2024-04-20,0,"wk inc flu hosp",2024-04-20,"37","quantile",0.75,60.3064003409077
2024-04-20,1,"wk inc flu hosp",2024-04-27,"37","quantile",0.75,57.34310338468
2024-04-20,2,"wk inc flu hosp",2024-05-04,"37","quantile",0.75,55.1952807485745
2024-04-20,3,"wk inc flu hosp",2024-05-11,"37","quantile",0.75,53.7213828017033
2024-04-20,-1,"wk inc flu hosp",2024-04-13,"37","quantile",0.8,66.2121021030267
2024-04-20,0,"wk inc flu hosp",2024-04-20,"37","quantile",0.8,65.4210548920407
2024-04-20,1,"wk inc flu hosp",2024-04-27,"37","quantile",0.8,63.8388431467015
2024-04-20,2,"wk inc flu hosp",2024-05-04,"37","quantile",0.8,62.7758735548698
2024-04-20,3,"wk inc flu hosp",2024-05-11,"37","quantile",0.8,61.5023848006171
2024-04-20,-1,"wk inc flu hosp",2024-04-13,"37","quantile",0.85,72.784353695168
2024-04-20,0,"wk inc flu hosp",2024-04-20,"37","quantile",0.85,71.5325246580026
2024-04-20,1,"wk inc flu hosp",2024-04-27,"37","quantile",0.85,72.3474959169662
2024-04-20,2,"wk inc flu hosp",2024-05-04,"37","quantile",0.85,72.5885375319565
2024-04-20,3,"wk inc flu hosp",2024-05-11,"37","quantile",0.85,72.1780182717579
2024-04-20,-1,"wk inc flu hosp",2024-04-13,"37","quantile",0.9,81.7455271409264
2024-04-20,0,"wk inc flu hosp",2024-04-20,"37","quantile",0.9,80.1860734832057
2024-04-20,1,"wk inc flu hosp",2024-04-27,"37","quantile",0.9,85.3182613725616
2024-04-20,2,"wk inc flu hosp",2024-05-04,"37","quantile",0.9,88.0305760085299
2024-04-20,3,"wk inc flu hosp",2024-05-11,"37","quantile",0.9,89.937773713372
2024-04-20,-1,"wk inc flu hosp",2024-04-13,"37","quantile",0.95,96.6452739096794
2024-04-20,0,"wk inc flu hosp",2024-04-20,"37","quantile",0.95,95.6071351055671
2024-04-20,1,"wk inc flu hosp",2024-04-27,"37","quantile",0.95,108.134745117198
2024-04-20,2,"wk inc flu hosp",2024-05-04,"37","quantile",0.95,118.032927190806
2024-04-20,3,"wk inc flu hosp",2024-05-11,"37","quantile",0.95,124.360489853722
2024-04-20,-1,"wk inc flu hosp",2024-04-13,"37","quantile",0.975,112.183630084269
2024-04-20,0,"wk inc flu hosp",2024-04-20,"37","quantile",0.975,111.507470406198
2024-04-20,1,"wk inc flu hosp",2024-04-27,"37","quantile",0.975,133.869780092118
2024-04-20,2,"wk inc flu hosp",2024-05-04,"37","quantile",0.975,151.824410303936
2024-04-20,3,"wk inc flu hosp",2024-05-11,"37","quantile",0.975,165.779472025837
2024-04-20,-1,"wk inc flu hosp",2024-04-13,"37","quantile",0.99,133.740510477133
2024-04-20,0,"wk inc flu hosp",2024-04-20,"37","quantile",0.99,133.003638198526
2024-04-20,1,"wk inc flu hosp",2024-04-27,"37","quantile",0.99,172.856168921215
2024-04-20,2,"wk inc flu hosp",2024-05-04,"37","quantile",0.99,207.643170679696
2024-04-20,3,"wk inc flu hosp",2024-05-11,"37","quantile",0.99,236.364674495236
2024-04-20,-1,"wk inc flu hosp",2024-04-13,"38","quantile",0.01,2.05929972588469
2024-04-20,0,"wk inc flu hosp",2024-04-20,"38","quantile",0.01,1.85412131971517
2024-04-20,1,"wk inc flu hosp",2024-04-27,"38","quantile",0.01,0.617506351185973
2024-04-20,2,"wk inc flu hosp",2024-05-04,"38","quantile",0.01,0.120908115593397
2024-04-20,3,"wk inc flu hosp",2024-05-11,"38","quantile",0.01,0
2024-04-20,-1,"wk inc flu hosp",2024-04-13,"38","quantile",0.025,2.99975476618622
2024-04-20,0,"wk inc flu hosp",2024-04-20,"38","quantile",0.025,2.81935078353525
2024-04-20,1,"wk inc flu hosp",2024-04-27,"38","quantile",0.025,1.2172465809577
2024-04-20,2,"wk inc flu hosp",2024-05-04,"38","quantile",0.025,0.582370557970095
2024-04-20,3,"wk inc flu hosp",2024-05-11,"38","quantile",0.025,0.301097658391286
2024-04-20,-1,"wk inc flu hosp",2024-04-13,"38","quantile",0.05,4.03765701465126
2024-04-20,0,"wk inc flu hosp",2024-04-20,"38","quantile",0.05,3.7930481544404
2024-04-20,1,"wk inc flu hosp",2024-04-27,"38","quantile",0.05,1.98626836000438
2024-04-20,2,"wk inc flu hosp",2024-05-04,"38","quantile",0.05,1.18655964585159
2024-04-20,3,"wk inc flu hosp",2024-05-11,"38","quantile",0.05,0.803199286565144
2024-04-20,-1,"wk inc flu hosp",2024-04-13,"38","quantile",0.1,5.58479058083813
2024-04-20,0,"wk inc flu hosp",2024-04-20,"38","quantile",0.1,5.27565900449359
2024-04-20,1,"wk inc flu hosp",2024-04-27,"38","quantile",0.1,3.15034167499035
2024-04-20,2,"wk inc flu hosp",2024-05-04,"38","quantile",0.1,2.12617753390813
2024-04-20,3,"wk inc flu hosp",2024-05-11,"38","quantile",0.1,1.62104880883211
2024-04-20,-1,"wk inc flu hosp",2024-04-13,"38","quantile",0.15,6.87399143295218
2024-04-20,0,"wk inc flu hosp",2024-04-20,"38","quantile",0.15,6.50059453049489
2024-04-20,1,"wk inc flu hosp",2024-04-27,"38","quantile",0.15,4.17446898532541
2024-04-20,2,"wk inc flu hosp",2024-05-04,"38","quantile",0.15,2.99574465471219
2024-04-20,3,"wk inc flu hosp",2024-05-11,"38","quantile",0.15,2.42072981720562
2024-04-20,-1,"wk inc flu hosp",2024-04-13,"38","quantile",0.2,8.05094034946292
2024-04-20,0,"wk inc flu hosp",2024-04-20,"38","quantile",0.2,7.62390556676323
2024-04-20,1,"wk inc flu hosp",2024-04-27,"38","quantile",0.2,5.17694694565629
2024-04-20,2,"wk inc flu hosp",2024-05-04,"38","quantile",0.2,3.85014950163854
2024-04-20,3,"wk inc flu hosp",2024-05-11,"38","quantile",0.2,3.20230730247284
2024-04-20,-1,"wk inc flu hosp",2024-04-13,"38","quantile",0.25,9.2285084844304
2024-04-20,0,"wk inc flu hosp",2024-04-20,"38","quantile",0.25,8.74145698096479
2024-04-20,1,"wk inc flu hosp",2024-04-27,"38","quantile",0.25,6.19546385954797
2024-04-20,2,"wk inc flu hosp",2024-05-04,"38","quantile",0.25,4.76182393668171
2024-04-20,3,"wk inc flu hosp",2024-05-11,"38","quantile",0.25,4.03363077124029
2024-04-20,-1,"wk inc flu hosp",2024-04-13,"38","quantile",0.3,10.4393807855583
2024-04-20,0,"wk inc flu hosp",2024-04-20,"38","quantile",0.3,9.86002549055974
2024-04-20,1,"wk inc flu hosp",2024-04-27,"38","quantile",0.3,7.24695159791909
2024-04-20,2,"wk inc flu hosp",2024-05-04,"38","quantile",0.3,5.71088718898875
2024-04-20,3,"wk inc flu hosp",2024-05-11,"38","quantile",0.3,4.90298849571446
2024-04-20,-1,"wk inc flu hosp",2024-04-13,"38","quantile",0.35,11.6417747465253
2024-04-20,0,"wk inc flu hosp",2024-04-20,"38","quantile",0.35,10.9888465066288
2024-04-20,1,"wk inc flu hosp",2024-04-27,"38","quantile",0.35,8.38346645679707
2024-04-20,2,"wk inc flu hosp",2024-05-04,"38","quantile",0.35,6.72516732513909
2024-04-20,3,"wk inc flu hosp",2024-05-11,"38","quantile",0.35,5.85343884634204
2024-04-20,-1,"wk inc flu hosp",2024-04-13,"38","quantile",0.4,12.9597779255411
2024-04-20,0,"wk inc flu hosp",2024-04-20,"38","quantile",0.4,12.2308731449159
2024-04-20,1,"wk inc flu hosp",2024-04-27,"38","quantile",0.4,9.62843764664668
2024-04-20,2,"wk inc flu hosp",2024-05-04,"38","quantile",0.4,7.8674748312454
2024-04-20,3,"wk inc flu hosp",2024-05-11,"38","quantile",0.4,6.92390908690686
2024-04-20,-1,"wk inc flu hosp",2024-04-13,"38","quantile",0.45,14.2596356499023
2024-04-20,0,"wk inc flu hosp",2024-04-20,"38","quantile",0.45,13.5030348249142
2024-04-20,1,"wk inc flu hosp",2024-04-27,"38","quantile",0.45,10.9632740537627
2024-04-20,2,"wk inc flu hosp",2024-05-04,"38","quantile",0.45,9.15441629639822
2024-04-20,3,"wk inc flu hosp",2024-05-11,"38","quantile",0.45,8.10327072498413
2024-04-20,-1,"wk inc flu hosp",2024-04-13,"38","quantile",0.5,15.6678146461234
2024-04-20,0,"wk inc flu hosp",2024-04-20,"38","quantile",0.5,14.9102720153644
2024-04-20,1,"wk inc flu hosp",2024-04-27,"38","quantile",0.5,12.4515391591048
2024-04-20,2,"wk inc flu hosp",2024-05-04,"38","quantile",0.5,10.6047554575082
2024-04-20,3,"wk inc flu hosp",2024-05-11,"38","quantile",0.5,9.48312900217585
2024-04-20,-1,"wk inc flu hosp",2024-04-13,"38","quantile",0.55,17.3078009083324
2024-04-20,0,"wk inc flu hosp",2024-04-20,"38","quantile",0.55,16.4388135422151
2024-04-20,1,"wk inc flu hosp",2024-04-27,"38","quantile",0.55,14.1004307258269
2024-04-20,2,"wk inc flu hosp",2024-05-04,"38","quantile",0.55,12.2921160511667
2024-04-20,3,"wk inc flu hosp",2024-05-11,"38","quantile",0.55,11.0719753018061
2024-04-20,-1,"wk inc flu hosp",2024-04-13,"38","quantile",0.6,19.0401026320054
2024-04-20,0,"wk inc flu hosp",2024-04-20,"38","quantile",0.6,18.1256366502117
2024-04-20,1,"wk inc flu hosp",2024-04-27,"38","quantile",0.6,16.0092920732841
2024-04-20,2,"wk inc flu hosp",2024-05-04,"38","quantile",0.6,14.1968663070922
2024-04-20,3,"wk inc flu hosp",2024-05-11,"38","quantile",0.6,12.9000326964971
2024-04-20,-1,"wk inc flu hosp",2024-04-13,"38","quantile",0.65,21.0665698987874
2024-04-20,0,"wk inc flu hosp",2024-04-20,"38","quantile",0.65,20.0111444510219
2024-04-20,1,"wk inc flu hosp",2024-04-27,"38","quantile",0.65,18.2889156880251
2024-04-20,2,"wk inc flu hosp",2024-05-04,"38","quantile",0.65,16.558594872337
2024-04-20,3,"wk inc flu hosp",2024-05-11,"38","quantile",0.65,15.1029068105768
2024-04-20,-1,"wk inc flu hosp",2024-04-13,"38","quantile",0.7,23.3611309436844
2024-04-20,0,"wk inc flu hosp",2024-04-20,"38","quantile",0.7,22.2353145800026
2024-04-20,1,"wk inc flu hosp",2024-04-27,"38","quantile",0.7,20.9102500206495
2024-04-20,2,"wk inc flu hosp",2024-05-04,"38","quantile",0.7,19.4177986138383
2024-04-20,3,"wk inc flu hosp",2024-05-11,"38","quantile",0.7,17.8624749642886
2024-04-20,-1,"wk inc flu hosp",2024-04-13,"38","quantile",0.75,26.1793712060987
2024-04-20,0,"wk inc flu hosp",2024-04-20,"38","quantile",0.75,24.9976580137858
2024-04-20,1,"wk inc flu hosp",2024-04-27,"38","quantile",0.75,24.351313739819
2024-04-20,2,"wk inc flu hosp",2024-05-04,"38","quantile",0.75,23.1263766520287
2024-04-20,3,"wk inc flu hosp",2024-05-11,"38","quantile",0.75,21.296950918917
2024-04-20,-1,"wk inc flu hosp",2024-04-13,"38","quantile",0.8,29.5436527435495
2024-04-20,0,"wk inc flu hosp",2024-04-20,"38","quantile",0.8,28.4358368352945
2024-04-20,1,"wk inc flu hosp",2024-04-27,"38","quantile",0.8,28.6952170387348
2024-04-20,2,"wk inc flu hosp",2024-05-04,"38","quantile",0.8,28.1066511332599
2024-04-20,3,"wk inc flu hosp",2024-05-11,"38","quantile",0.8,26.1780654865714
2024-04-20,-1,"wk inc flu hosp",2024-04-13,"38","quantile",0.85,34.2065588111399
2024-04-20,0,"wk inc flu hosp",2024-04-20,"38","quantile",0.85,33.035980449938
2024-04-20,1,"wk inc flu hosp",2024-04-27,"38","quantile",0.85,35.0834625170561
2024-04-20,2,"wk inc flu hosp",2024-05-04,"38","quantile",0.85,35.1375998194762
2024-04-20,3,"wk inc flu hosp",2024-05-11,"38","quantile",0.85,33.388110056001
2024-04-20,-1,"wk inc flu hosp",2024-04-13,"38","quantile",0.9,41.3451687709719
2024-04-20,0,"wk inc flu hosp",2024-04-20,"38","quantile",0.9,39.6619324475406
2024-04-20,1,"wk inc flu hosp",2024-04-27,"38","quantile",0.9,44.7201740161231
2024-04-20,2,"wk inc flu hosp",2024-05-04,"38","quantile",0.9,46.8039702079261
2024-04-20,3,"wk inc flu hosp",2024-05-11,"38","quantile",0.9,45.6463714718065
2024-04-20,-1,"wk inc flu hosp",2024-04-13,"38","quantile",0.95,54.2060918889768
2024-04-20,0,"wk inc flu hosp",2024-04-20,"38","quantile",0.95,52.0889556292264
2024-04-20,1,"wk inc flu hosp",2024-04-27,"38","quantile",0.95,64.5134632134844
2024-04-20,2,"wk inc flu hosp",2024-05-04,"38","quantile",0.95,71.8900892174018
2024-04-20,3,"wk inc flu hosp",2024-05-11,"38","quantile",0.95,74.5660961420521
2024-04-20,-1,"wk inc flu hosp",2024-04-13,"38","quantile",0.975,69.0773423317888
2024-04-20,0,"wk inc flu hosp",2024-04-20,"38","quantile",0.975,66.3874633513228
2024-04-20,1,"wk inc flu hosp",2024-04-27,"38","quantile",0.975,89.8662291511461
2024-04-20,2,"wk inc flu hosp",2024-05-04,"38","quantile",0.975,105.280003794227
2024-04-20,3,"wk inc flu hosp",2024-05-11,"38","quantile",0.975,115.804472131383
2024-04-20,-1,"wk inc flu hosp",2024-04-13,"38","quantile",0.99,90.7695390386901
2024-04-20,0,"wk inc flu hosp",2024-04-20,"38","quantile",0.99,87.8579430894919
2024-04-20,1,"wk inc flu hosp",2024-04-27,"38","quantile",0.99,128.468045264102
2024-04-20,2,"wk inc flu hosp",2024-05-04,"38","quantile",0.99,164.819170437366
2024-04-20,3,"wk inc flu hosp",2024-05-11,"38","quantile",0.99,186.351990074255
2024-04-20,-1,"wk inc flu hosp",2024-04-13,"39","quantile",0.01,27.7479177291214
2024-04-20,0,"wk inc flu hosp",2024-04-20,"39","quantile",0.01,27.2518801731343
2024-04-20,1,"wk inc flu hosp",2024-04-27,"39","quantile",0.01,11.5703212057999
2024-04-20,2,"wk inc flu hosp",2024-05-04,"39","quantile",0.01,6.56922271754158
2024-04-20,3,"wk inc flu hosp",2024-05-11,"39","quantile",0.01,4.15723352390126
2024-04-20,-1,"wk inc flu hosp",2024-04-13,"39","quantile",0.025,35.6148871537691
2024-04-20,0,"wk inc flu hosp",2024-04-20,"39","quantile",0.025,35.1569951251149
2024-04-20,1,"wk inc flu hosp",2024-04-27,"39","quantile",0.025,16.333797741226
2024-04-20,2,"wk inc flu hosp",2024-05-04,"39","quantile",0.025,9.68792517805508
2024-04-20,3,"wk inc flu hosp",2024-05-11,"39","quantile",0.025,6.49727877889956
2024-04-20,-1,"wk inc flu hosp",2024-04-13,"39","quantile",0.05,43.8545742004854
2024-04-20,0,"wk inc flu hosp",2024-04-20,"39","quantile",0.05,43.4395235590878
2024-04-20,1,"wk inc flu hosp",2024-04-27,"39","quantile",0.05,21.6625778652062
2024-04-20,2,"wk inc flu hosp",2024-05-04,"39","quantile",0.05,13.2614677064243
2024-04-20,3,"wk inc flu hosp",2024-05-11,"39","quantile",0.05,9.31121068710199
2024-04-20,-1,"wk inc flu hosp",2024-04-13,"39","quantile",0.1,55.7213597429831
2024-04-20,0,"wk inc flu hosp",2024-04-20,"39","quantile",0.1,55.8591870488929
2024-04-20,1,"wk inc flu hosp",2024-04-27,"39","quantile",0.1,29.7496022986606
2024-04-20,2,"wk inc flu hosp",2024-05-04,"39","quantile",0.1,19.3525401295503
2024-04-20,3,"wk inc flu hosp",2024-05-11,"39","quantile",0.1,13.9928063354239
2024-04-20,-1,"wk inc flu hosp",2024-04-13,"39","quantile",0.15,65.790990158879
2024-04-20,0,"wk inc flu hosp",2024-04-20,"39","quantile",0.15,65.5415108598114
2024-04-20,1,"wk inc flu hosp",2024-04-27,"39","quantile",0.15,37.1257132163455
2024-04-20,2,"wk inc flu hosp",2024-05-04,"39","quantile",0.15,24.8974216040868
2024-04-20,3,"wk inc flu hosp",2024-05-11,"39","quantile",0.15,18.3346169961465
2024-04-20,-1,"wk inc flu hosp",2024-04-13,"39","quantile",0.2,74.6498162762279
2024-04-20,0,"wk inc flu hosp",2024-04-20,"39","quantile",0.2,74.3226828171486
2024-04-20,1,"wk inc flu hosp",2024-04-27,"39","quantile",0.2,44.0451886474382
2024-04-20,2,"wk inc flu hosp",2024-05-04,"39","quantile",0.2,30.095706427265
2024-04-20,3,"wk inc flu hosp",2024-05-11,"39","quantile",0.2,22.7374237268683
2024-04-20,-1,"wk inc flu hosp",2024-04-13,"39","quantile",0.25,83.6804196759314
2024-04-20,0,"wk inc flu hosp",2024-04-20,"39","quantile",0.25,82.9231241408152
2024-04-20,1,"wk inc flu hosp",2024-04-27,"39","quantile",0.25,51.1865553211646
2024-04-20,2,"wk inc flu hosp",2024-05-04,"39","quantile",0.25,35.7086913013002
2024-04-20,3,"wk inc flu hosp",2024-05-11,"39","quantile",0.25,27.2884633008992
2024-04-20,-1,"wk inc flu hosp",2024-04-13,"39","quantile",0.3,92.2056858851472
2024-04-20,0,"wk inc flu hosp",2024-04-20,"39","quantile",0.3,91.2751830022009
2024-04-20,1,"wk inc flu hosp",2024-04-27,"39","quantile",0.3,58.3655982081703
2024-04-20,2,"wk inc flu hosp",2024-05-04,"39","quantile",0.3,41.6967078433939
2024-04-20,3,"wk inc flu hosp",2024-05-11,"39","quantile",0.3,32.3165518948566
2024-04-20,-1,"wk inc flu hosp",2024-04-13,"39","quantile",0.35,101.092485947847
2024-04-20,0,"wk inc flu hosp",2024-04-20,"39","quantile",0.35,99.8322889245668
2024-04-20,1,"wk inc flu hosp",2024-04-27,"39","quantile",0.35,65.9386424004382
2024-04-20,2,"wk inc flu hosp",2024-05-04,"39","quantile",0.35,48.2856922355746
2024-04-20,3,"wk inc flu hosp",2024-05-11,"39","quantile",0.35,37.8528313597583
2024-04-20,-1,"wk inc flu hosp",2024-04-13,"39","quantile",0.4,110.232308207521
2024-04-20,0,"wk inc flu hosp",2024-04-20,"39","quantile",0.4,108.972607916825
2024-04-20,1,"wk inc flu hosp",2024-04-27,"39","quantile",0.4,74.0490210634303
2024-04-20,2,"wk inc flu hosp",2024-05-04,"39","quantile",0.4,55.1644367601419
2024-04-20,3,"wk inc flu hosp",2024-05-11,"39","quantile",0.4,43.8326524700282
2024-04-20,-1,"wk inc flu hosp",2024-04-13,"39","quantile",0.45,119.742040231104
2024-04-20,0,"wk inc flu hosp",2024-04-20,"39","quantile",0.45,118.553362031419
2024-04-20,1,"wk inc flu hosp",2024-04-27,"39","quantile",0.45,82.9591732472861
2024-04-20,2,"wk inc flu hosp",2024-05-04,"39","quantile",0.45,62.9247650822575
2024-04-20,3,"wk inc flu hosp",2024-05-11,"39","quantile",0.45,50.6065342222513
2024-04-20,-1,"wk inc flu hosp",2024-04-13,"39","quantile",0.5,130.195154298717
2024-04-20,0,"wk inc flu hosp",2024-04-20,"39","quantile",0.5,128.678185414231
2024-04-20,1,"wk inc flu hosp",2024-04-27,"39","quantile",0.5,92.88162119313
2024-04-20,2,"wk inc flu hosp",2024-05-04,"39","quantile",0.5,71.5413967877227
2024-04-20,3,"wk inc flu hosp",2024-05-11,"39","quantile",0.5,58.3375283125866
2024-04-20,-1,"wk inc flu hosp",2024-04-13,"39","quantile",0.55,141.256898820302
2024-04-20,0,"wk inc flu hosp",2024-04-20,"39","quantile",0.55,139.47007087015
2024-04-20,1,"wk inc flu hosp",2024-04-27,"39","quantile",0.55,104.091833323432
2024-04-20,2,"wk inc flu hosp",2024-05-04,"39","quantile",0.55,81.8237424864206
2024-04-20,3,"wk inc flu hosp",2024-05-11,"39","quantile",0.55,67.5470068300499
2024-04-20,-1,"wk inc flu hosp",2024-04-13,"39","quantile",0.6,153.36490298785
2024-04-20,0,"wk inc flu hosp",2024-04-20,"39","quantile",0.6,151.420208648835
2024-04-20,1,"wk inc flu hosp",2024-04-27,"39","quantile",0.6,116.981024717695
2024-04-20,2,"wk inc flu hosp",2024-05-04,"39","quantile",0.6,93.8366907631412
2024-04-20,3,"wk inc flu hosp",2024-05-11,"39","quantile",0.6,78.3721229841464
2024-04-20,-1,"wk inc flu hosp",2024-04-13,"39","quantile",0.65,167.019279628813
2024-04-20,0,"wk inc flu hosp",2024-04-20,"39","quantile",0.65,165.207556067243
2024-04-20,1,"wk inc flu hosp",2024-04-27,"39","quantile",0.65,131.770086709547
2024-04-20,2,"wk inc flu hosp",2024-05-04,"39","quantile",0.65,108.124009995743
2024-04-20,3,"wk inc flu hosp",2024-05-11,"39","quantile",0.65,91.3613316035833
2024-04-20,-1,"wk inc flu hosp",2024-04-13,"39","quantile",0.7,182.95941760427
2024-04-20,0,"wk inc flu hosp",2024-04-20,"39","quantile",0.7,180.551432994866
2024-04-20,1,"wk inc flu hosp",2024-04-27,"39","quantile",0.7,148.848158118716
2024-04-20,2,"wk inc flu hosp",2024-05-04,"39","quantile",0.7,126.130532533315
2024-04-20,3,"wk inc flu hosp",2024-05-11,"39","quantile",0.7,108.324922257746
2024-04-20,-1,"wk inc flu hosp",2024-04-13,"39","quantile",0.75,201.970761258612
2024-04-20,0,"wk inc flu hosp",2024-04-20,"39","quantile",0.75,198.976915819979
2024-04-20,1,"wk inc flu hosp",2024-04-27,"39","quantile",0.75,170.786625028034
2024-04-20,2,"wk inc flu hosp",2024-05-04,"39","quantile",0.75,148.102939388282
2024-04-20,3,"wk inc flu hosp",2024-05-11,"39","quantile",0.75,129.394236849894
2024-04-20,-1,"wk inc flu hosp",2024-04-13,"39","quantile",0.8,225.224558680701
2024-04-20,0,"wk inc flu hosp",2024-04-20,"39","quantile",0.8,221.921390933202
2024-04-20,1,"wk inc flu hosp",2024-04-27,"39","quantile",0.8,198.446867632048
2024-04-20,2,"wk inc flu hosp",2024-05-04,"39","quantile",0.8,179.378469001729
2024-04-20,3,"wk inc flu hosp",2024-05-11,"39","quantile",0.8,159.570076208751
2024-04-20,-1,"wk inc flu hosp",2024-04-13,"39","quantile",0.85,256.97615444196
2024-04-20,0,"wk inc flu hosp",2024-04-20,"39","quantile",0.85,252.589204723556
2024-04-20,1,"wk inc flu hosp",2024-04-27,"39","quantile",0.85,236.763520713424
2024-04-20,2,"wk inc flu hosp",2024-05-04,"39","quantile",0.85,221.654428227717
2024-04-20,3,"wk inc flu hosp",2024-05-11,"39","quantile",0.85,202.197206818551
2024-04-20,-1,"wk inc flu hosp",2024-04-13,"39","quantile",0.9,300.617965853339
2024-04-20,0,"wk inc flu hosp",2024-04-20,"39","quantile",0.9,297.335701009606
2024-04-20,1,"wk inc flu hosp",2024-04-27,"39","quantile",0.9,298.509362981708
2024-04-20,2,"wk inc flu hosp",2024-05-04,"39","quantile",0.9,291.317618915578
2024-04-20,3,"wk inc flu hosp",2024-05-11,"39","quantile",0.9,277.263405373534
2024-04-20,-1,"wk inc flu hosp",2024-04-13,"39","quantile",0.95,381.41812646048
2024-04-20,0,"wk inc flu hosp",2024-04-20,"39","quantile",0.95,374.633188345359
2024-04-20,1,"wk inc flu hosp",2024-04-27,"39","quantile",0.95,414.920070433744
2024-04-20,2,"wk inc flu hosp",2024-05-04,"39","quantile",0.95,443.911780183781
2024-04-20,3,"wk inc flu hosp",2024-05-11,"39","quantile",0.95,442.054497778717
2024-04-20,-1,"wk inc flu hosp",2024-04-13,"39","quantile",0.975,472.796271344733
2024-04-20,0,"wk inc flu hosp",2024-04-20,"39","quantile",0.975,463.009832994496
2024-04-20,1,"wk inc flu hosp",2024-04-27,"39","quantile",0.975,566.753158661425
2024-04-20,2,"wk inc flu hosp",2024-05-04,"39","quantile",0.975,634.620022585613
2024-04-20,3,"wk inc flu hosp",2024-05-11,"39","quantile",0.975,671.076364005346
2024-04-20,-1,"wk inc flu hosp",2024-04-13,"39","quantile",0.99,604.893107424648
2024-04-20,0,"wk inc flu hosp",2024-04-20,"39","quantile",0.99,602.102178721559
2024-04-20,1,"wk inc flu hosp",2024-04-27,"39","quantile",0.99,803.293904939325
2024-04-20,2,"wk inc flu hosp",2024-05-04,"39","quantile",0.99,978.396785672992
2024-04-20,3,"wk inc flu hosp",2024-05-11,"39","quantile",0.99,1149.26793802143
2024-04-20,-1,"wk inc flu hosp",2024-04-13,"40","quantile",0.01,9.89418380163857
2024-04-20,0,"wk inc flu hosp",2024-04-20,"40","quantile",0.01,9.43809944987598
2024-04-20,1,"wk inc flu hosp",2024-04-27,"40","quantile",0.01,5.89151465356582
2024-04-20,2,"wk inc flu hosp",2024-05-04,"40","quantile",0.01,4.2167213590199
2024-04-20,3,"wk inc flu hosp",2024-05-11,"40","quantile",0.01,3.3930329356024
2024-04-20,-1,"wk inc flu hosp",2024-04-13,"40","quantile",0.025,12.0810699229263
2024-04-20,0,"wk inc flu hosp",2024-04-20,"40","quantile",0.025,11.8201301428938
2024-04-20,1,"wk inc flu hosp",2024-04-27,"40","quantile",0.025,7.87603992966445
2024-04-20,2,"wk inc flu hosp",2024-05-04,"40","quantile",0.025,5.94583790857528
2024-04-20,3,"wk inc flu hosp",2024-05-11,"40","quantile",0.025,4.82278905857923
2024-04-20,-1,"wk inc flu hosp",2024-04-13,"40","quantile",0.05,14.4209055582533
2024-04-20,0,"wk inc flu hosp",2024-04-20,"40","quantile",0.05,14.0561757098833
2024-04-20,1,"wk inc flu hosp",2024-04-27,"40","quantile",0.05,9.93502603072801
2024-04-20,2,"wk inc flu hosp",2024-05-04,"40","quantile",0.05,7.83506776802835
2024-04-20,3,"wk inc flu hosp",2024-05-11,"40","quantile",0.05,6.60840422292578
2024-04-20,-1,"wk inc flu hosp",2024-04-13,"40","quantile",0.1,17.5864065719142
2024-04-20,0,"wk inc flu hosp",2024-04-20,"40","quantile",0.1,17.1595067596939
2024-04-20,1,"wk inc flu hosp",2024-04-27,"40","quantile",0.1,13.0549516330347
2024-04-20,2,"wk inc flu hosp",2024-05-04,"40","quantile",0.1,10.8357647700634
2024-04-20,3,"wk inc flu hosp",2024-05-11,"40","quantile",0.1,9.27307429655898
2024-04-20,-1,"wk inc flu hosp",2024-04-13,"40","quantile",0.15,20.0878207169053
2024-04-20,0,"wk inc flu hosp",2024-04-20,"40","quantile",0.15,19.5784808701319
2024-04-20,1,"wk inc flu hosp",2024-04-27,"40","quantile",0.15,15.5637642759665
2024-04-20,2,"wk inc flu hosp",2024-05-04,"40","quantile",0.15,13.3613927185624
2024-04-20,3,"wk inc flu hosp",2024-05-11,"40","quantile",0.15,11.6948361904695
2024-04-20,-1,"wk inc flu hosp",2024-04-13,"40","quantile",0.2,22.2615606842635
2024-04-20,0,"wk inc flu hosp",2024-04-20,"40","quantile",0.2,21.7230145686846
2024-04-20,1,"wk inc flu hosp",2024-04-27,"40","quantile",0.2,18.0235362983915
2024-04-20,2,"wk inc flu hosp",2024-05-04,"40","quantile",0.2,15.6552456573222
2024-04-20,3,"wk inc flu hosp",2024-05-11,"40","quantile",0.2,14.009901345507
2024-04-20,-1,"wk inc flu hosp",2024-04-13,"40","quantile",0.25,24.3650207754922
2024-04-20,0,"wk inc flu hosp",2024-04-20,"40","quantile",0.25,23.7918161005096
2024-04-20,1,"wk inc flu hosp",2024-04-27,"40","quantile",0.25,20.271732817218
2024-04-20,2,"wk inc flu hosp",2024-05-04,"40","quantile",0.25,18.0490229997769
2024-04-20,3,"wk inc flu hosp",2024-05-11,"40","quantile",0.25,16.3448058464667
2024-04-20,-1,"wk inc flu hosp",2024-04-13,"40","quantile",0.3,26.3342719103366
2024-04-20,0,"wk inc flu hosp",2024-04-20,"40","quantile",0.3,25.7346739017578
2024-04-20,1,"wk inc flu hosp",2024-04-27,"40","quantile",0.3,22.6111106088937
2024-04-20,2,"wk inc flu hosp",2024-05-04,"40","quantile",0.3,20.4758772706343
2024-04-20,3,"wk inc flu hosp",2024-05-11,"40","quantile",0.3,18.7010020616679
2024-04-20,-1,"wk inc flu hosp",2024-04-13,"40","quantile",0.35,28.3466223091512
2024-04-20,0,"wk inc flu hosp",2024-04-20,"40","quantile",0.35,27.7544567853844
2024-04-20,1,"wk inc flu hosp",2024-04-27,"40","quantile",0.35,25.0151325639369
2024-04-20,2,"wk inc flu hosp",2024-05-04,"40","quantile",0.35,23.1248554502464
2024-04-20,3,"wk inc flu hosp",2024-05-11,"40","quantile",0.35,21.2600456622826
2024-04-20,-1,"wk inc flu hosp",2024-04-13,"40","quantile",0.4,30.4460077075645
2024-04-20,0,"wk inc flu hosp",2024-04-20,"40","quantile",0.4,29.8434659572318
2024-04-20,1,"wk inc flu hosp",2024-04-27,"40","quantile",0.4,27.5673005356728
2024-04-20,2,"wk inc flu hosp",2024-05-04,"40","quantile",0.4,25.8964119363478
2024-04-20,3,"wk inc flu hosp",2024-05-11,"40","quantile",0.4,23.9828547130009
2024-04-20,-1,"wk inc flu hosp",2024-04-13,"40","quantile",0.45,32.5943489999899
2024-04-20,0,"wk inc flu hosp",2024-04-20,"40","quantile",0.45,31.9683248925683
2024-04-20,1,"wk inc flu hosp",2024-04-27,"40","quantile",0.45,30.1687479094134
2024-04-20,2,"wk inc flu hosp",2024-05-04,"40","quantile",0.45,28.9465302664708
2024-04-20,3,"wk inc flu hosp",2024-05-11,"40","quantile",0.45,27.0177699677471
2024-04-20,-1,"wk inc flu hosp",2024-04-13,"40","quantile",0.5,34.8298173388071
2024-04-20,0,"wk inc flu hosp",2024-04-20,"40","quantile",0.5,34.1397715560055
2024-04-20,1,"wk inc flu hosp",2024-04-27,"40","quantile",0.5,33.0230502580725
2024-04-20,2,"wk inc flu hosp",2024-05-04,"40","quantile",0.5,32.1784948985417
2024-04-20,3,"wk inc flu hosp",2024-05-11,"40","quantile",0.5,30.4536308940998
2024-04-20,-1,"wk inc flu hosp",2024-04-13,"40","quantile",0.55,37.2513856938253
2024-04-20,0,"wk inc flu hosp",2024-04-20,"40","quantile",0.55,36.4697655966668
2024-04-20,1,"wk inc flu hosp",2024-04-27,"40","quantile",0.55,36.1485847456783
2024-04-20,2,"wk inc flu hosp",2024-05-04,"40","quantile",0.55,35.9317857484434
2024-04-20,3,"wk inc flu hosp",2024-05-11,"40","quantile",0.55,34.3925183114428
2024-04-20,-1,"wk inc flu hosp",2024-04-13,"40","quantile",0.6,39.8088608028471
2024-04-20,0,"wk inc flu hosp",2024-04-20,"40","quantile",0.6,39.025480589944
2024-04-20,1,"wk inc flu hosp",2024-04-27,"40","quantile",0.6,39.6478979572346
2024-04-20,2,"wk inc flu hosp",2024-05-04,"40","quantile",0.6,39.8846370614225
2024-04-20,3,"wk inc flu hosp",2024-05-11,"40","quantile",0.6,38.9218795100941
2024-04-20,-1,"wk inc flu hosp",2024-04-13,"40","quantile",0.65,42.6770100559485
2024-04-20,0,"wk inc flu hosp",2024-04-20,"40","quantile",0.65,41.8148474866412
2024-04-20,1,"wk inc flu hosp",2024-04-27,"40","quantile",0.65,43.6961781670313
2024-04-20,2,"wk inc flu hosp",2024-05-04,"40","quantile",0.65,44.623133682675
2024-04-20,3,"wk inc flu hosp",2024-05-11,"40","quantile",0.65,44.1519771436461
2024-04-20,-1,"wk inc flu hosp",2024-04-13,"40","quantile",0.7,45.8565572531811
2024-04-20,0,"wk inc flu hosp",2024-04-20,"40","quantile",0.7,44.9536711590443
2024-04-20,1,"wk inc flu hosp",2024-04-27,"40","quantile",0.7,48.4402571510887
2024-04-20,2,"wk inc flu hosp",2024-05-04,"40","quantile",0.7,50.4717631555705
2024-04-20,3,"wk inc flu hosp",2024-05-11,"40","quantile",0.7,50.6000591575304
2024-04-20,-1,"wk inc flu hosp",2024-04-13,"40","quantile",0.75,49.6653317669284
2024-04-20,0,"wk inc flu hosp",2024-04-20,"40","quantile",0.75,48.6546401532528
2024-04-20,1,"wk inc flu hosp",2024-04-27,"40","quantile",0.75,54.0210784435609
2024-04-20,2,"wk inc flu hosp",2024-05-04,"40","quantile",0.75,57.3495911449164
2024-04-20,3,"wk inc flu hosp",2024-05-11,"40","quantile",0.75,58.520949349337
2024-04-20,-1,"wk inc flu hosp",2024-04-13,"40","quantile",0.8,54.1104602578006
2024-04-20,0,"wk inc flu hosp",2024-04-20,"40","quantile",0.8,53.2177340319604
2024-04-20,1,"wk inc flu hosp",2024-04-27,"40","quantile",0.8,61.05760346376
2024-04-20,2,"wk inc flu hosp",2024-05-04,"40","quantile",0.8,66.591315401173
2024-04-20,3,"wk inc flu hosp",2024-05-11,"40","quantile",0.8,69.1823513764885
2024-04-20,-1,"wk inc flu hosp",2024-04-13,"40","quantile",0.85,60.0025084628766
2024-04-20,0,"wk inc flu hosp",2024-04-20,"40","quantile",0.85,58.821389821381
2024-04-20,1,"wk inc flu hosp",2024-04-27,"40","quantile",0.85,70.7628160750149
2024-04-20,2,"wk inc flu hosp",2024-05-04,"40","quantile",0.85,79.4444152269619
2024-04-20,3,"wk inc flu hosp",2024-05-11,"40","quantile",0.85,84.0686554063599
2024-04-20,-1,"wk inc flu hosp",2024-04-13,"40","quantile",0.9,68.5326406119462
2024-04-20,0,"wk inc flu hosp",2024-04-20,"40","quantile",0.9,66.9032344052726
2024-04-20,1,"wk inc flu hosp",2024-04-27,"40","quantile",0.9,84.7874901869969
2024-04-20,2,"wk inc flu hosp",2024-05-04,"40","quantile",0.9,99.5867686590878
2024-04-20,3,"wk inc flu hosp",2024-05-11,"40","quantile",0.9,108.055953672524
2024-04-20,-1,"wk inc flu hosp",2024-04-13,"40","quantile",0.95,82.4827341488931
2024-04-20,0,"wk inc flu hosp",2024-04-20,"40","quantile",0.95,81.2411667324161
2024-04-20,1,"wk inc flu hosp",2024-04-27,"40","quantile",0.95,112.073157977529
2024-04-20,2,"wk inc flu hosp",2024-05-04,"40","quantile",0.95,140.280795652493
2024-04-20,3,"wk inc flu hosp",2024-05-11,"40","quantile",0.95,160.362250303337
2024-04-20,-1,"wk inc flu hosp",2024-04-13,"40","quantile",0.975,96.9872770628218
2024-04-20,0,"wk inc flu hosp",2024-04-20,"40","quantile",0.975,95.3233871984026
2024-04-20,1,"wk inc flu hosp",2024-04-27,"40","quantile",0.975,142.938795346712
2024-04-20,2,"wk inc flu hosp",2024-05-04,"40","quantile",0.975,186.567973774439
2024-04-20,3,"wk inc flu hosp",2024-05-11,"40","quantile",0.975,228.292476987738
2024-04-20,-1,"wk inc flu hosp",2024-04-13,"40","quantile",0.99,117.400266274625
2024-04-20,0,"wk inc flu hosp",2024-04-20,"40","quantile",0.99,116.248001943874
2024-04-20,1,"wk inc flu hosp",2024-04-27,"40","quantile",0.99,188.512137845462
2024-04-20,2,"wk inc flu hosp",2024-05-04,"40","quantile",0.99,265.057453295547
2024-04-20,3,"wk inc flu hosp",2024-05-11,"40","quantile",0.99,349.146655843041
2024-04-20,-1,"wk inc flu hosp",2024-04-13,"41","quantile",0.01,6.9214745883391
2024-04-20,0,"wk inc flu hosp",2024-04-20,"41","quantile",0.01,6.83117671134536
2024-04-20,1,"wk inc flu hosp",2024-04-27,"41","quantile",0.01,3.35906235536634
2024-04-20,2,"wk inc flu hosp",2024-05-04,"41","quantile",0.01,1.89220305269655
2024-04-20,3,"wk inc flu hosp",2024-05-11,"41","quantile",0.01,1.18354235938977
2024-04-20,-1,"wk inc flu hosp",2024-04-13,"41","quantile",0.025,8.94078888769048
2024-04-20,0,"wk inc flu hosp",2024-04-20,"41","quantile",0.025,8.95416399996869
2024-04-20,1,"wk inc flu hosp",2024-04-27,"41","quantile",0.025,5.0177781030676
2024-04-20,2,"wk inc flu hosp",2024-05-04,"41","quantile",0.025,3.2040110845904
2024-04-20,3,"wk inc flu hosp",2024-05-11,"41","quantile",0.025,2.21123312737209
2024-04-20,-1,"wk inc flu hosp",2024-04-13,"41","quantile",0.05,11.0844317711671
2024-04-20,0,"wk inc flu hosp",2024-04-20,"41","quantile",0.05,11.1296846709628
2024-04-20,1,"wk inc flu hosp",2024-04-27,"41","quantile",0.05,6.88793328630204
2024-04-20,2,"wk inc flu hosp",2024-05-04,"41","quantile",0.05,4.84314887764097
2024-04-20,3,"wk inc flu hosp",2024-05-11,"41","quantile",0.05,3.60405720010194
2024-04-20,-1,"wk inc flu hosp",2024-04-13,"41","quantile",0.1,14.0419336712475
2024-04-20,0,"wk inc flu hosp",2024-04-20,"41","quantile",0.1,14.1965949756404
2024-04-20,1,"wk inc flu hosp",2024-04-27,"41","quantile",0.1,9.71445006811387
2024-04-20,2,"wk inc flu hosp",2024-05-04,"41","quantile",0.1,7.4798505919295
2024-04-20,3,"wk inc flu hosp",2024-05-11,"41","quantile",0.1,5.9604788787396
2024-04-20,-1,"wk inc flu hosp",2024-04-13,"41","quantile",0.15,16.4884721247809
2024-04-20,0,"wk inc flu hosp",2024-04-20,"41","quantile",0.15,16.5592841933637
2024-04-20,1,"wk inc flu hosp",2024-04-27,"41","quantile",0.15,12.2076430027564
2024-04-20,2,"wk inc flu hosp",2024-05-04,"41","quantile",0.15,9.89566499300163
2024-04-20,3,"wk inc flu hosp",2024-05-11,"41","quantile",0.15,8.17283304946045
2024-04-20,-1,"wk inc flu hosp",2024-04-13,"41","quantile",0.2,18.6736026427688
2024-04-20,0,"wk inc flu hosp",2024-04-20,"41","quantile",0.2,18.7961864785096
2024-04-20,1,"wk inc flu hosp",2024-04-27,"41","quantile",0.2,14.6150086124657
2024-04-20,2,"wk inc flu hosp",2024-05-04,"41","quantile",0.2,12.1670904253288
2024-04-20,3,"wk inc flu hosp",2024-05-11,"41","quantile",0.2,10.4984031189241
2024-04-20,-1,"wk inc flu hosp",2024-04-13,"41","quantile",0.25,20.788438824121
2024-04-20,0,"wk inc flu hosp",2024-04-20,"41","quantile",0.25,20.8978319004056
2024-04-20,1,"wk inc flu hosp",2024-04-27,"41","quantile",0.25,16.9547852342494
2024-04-20,2,"wk inc flu hosp",2024-05-04,"41","quantile",0.25,14.6391048967016
2024-04-20,3,"wk inc flu hosp",2024-05-11,"41","quantile",0.25,12.880690543796
2024-04-20,-1,"wk inc flu hosp",2024-04-13,"41","quantile",0.3,22.8283339002083
2024-04-20,0,"wk inc flu hosp",2024-04-20,"41","quantile",0.3,22.9692551660314
2024-04-20,1,"wk inc flu hosp",2024-04-27,"41","quantile",0.3,19.3788244586677
2024-04-20,2,"wk inc flu hosp",2024-05-04,"41","quantile",0.3,17.2222999506157
2024-04-20,3,"wk inc flu hosp",2024-05-11,"41","quantile",0.3,15.5001383939521
2024-04-20,-1,"wk inc flu hosp",2024-04-13,"41","quantile",0.35,24.9756738712612
2024-04-20,0,"wk inc flu hosp",2024-04-20,"41","quantile",0.35,24.9946973618881
2024-04-20,1,"wk inc flu hosp",2024-04-27,"41","quantile",0.35,21.944589144181
2024-04-20,2,"wk inc flu hosp",2024-05-04,"41","quantile",0.35,19.9024634946169
2024-04-20,3,"wk inc flu hosp",2024-05-11,"41","quantile",0.35,18.359728545553
2024-04-20,-1,"wk inc flu hosp",2024-04-13,"41","quantile",0.4,27.0909050069401
2024-04-20,0,"wk inc flu hosp",2024-04-20,"41","quantile",0.4,27.1588468773883
2024-04-20,1,"wk inc flu hosp",2024-04-27,"41","quantile",0.4,24.6749161198184
2024-04-20,2,"wk inc flu hosp",2024-05-04,"41","quantile",0.4,22.8581901791275
2024-04-20,3,"wk inc flu hosp",2024-05-11,"41","quantile",0.4,21.598180315325
2024-04-20,-1,"wk inc flu hosp",2024-04-13,"41","quantile",0.45,29.3416093246601
2024-04-20,0,"wk inc flu hosp",2024-04-20,"41","quantile",0.45,29.4684883088681
2024-04-20,1,"wk inc flu hosp",2024-04-27,"41","quantile",0.45,27.6876204055624
2024-04-20,2,"wk inc flu hosp",2024-05-04,"41","quantile",0.45,26.2781734744857
2024-04-20,3,"wk inc flu hosp",2024-05-11,"41","quantile",0.45,25.221334441217
2024-04-20,-1,"wk inc flu hosp",2024-04-13,"41","quantile",0.5,31.7313026822494
2024-04-20,0,"wk inc flu hosp",2024-04-20,"41","quantile",0.5,31.8384946504615
2024-04-20,1,"wk inc flu hosp",2024-04-27,"41","quantile",0.5,31.006928839521
2024-04-20,2,"wk inc flu hosp",2024-05-04,"41","quantile",0.5,30.2325878291851
2024-04-20,3,"wk inc flu hosp",2024-05-11,"41","quantile",0.5,29.6086755225978
2024-04-20,-1,"wk inc flu hosp",2024-04-13,"41","quantile",0.55,34.3607418929603
2024-04-20,0,"wk inc flu hosp",2024-04-20,"41","quantile",0.55,34.4502257415707
2024-04-20,1,"wk inc flu hosp",2024-04-27,"41","quantile",0.55,34.548425664157
2024-04-20,2,"wk inc flu hosp",2024-05-04,"41","quantile",0.55,34.5778073481159
2024-04-20,3,"wk inc flu hosp",2024-05-11,"41","quantile",0.55,34.5838624710372
2024-04-20,-1,"wk inc flu hosp",2024-04-13,"41","quantile",0.6,37.1375842557712
2024-04-20,0,"wk inc flu hosp",2024-04-20,"41","quantile",0.6,37.3415652913091
2024-04-20,1,"wk inc flu hosp",2024-04-27,"41","quantile",0.6,38.7233398844859
2024-04-20,2,"wk inc flu hosp",2024-05-04,"41","quantile",0.6,39.6845416828212
2024-04-20,3,"wk inc flu hosp",2024-05-11,"41","quantile",0.6,40.1766728066736
2024-04-20,-1,"wk inc flu hosp",2024-04-13,"41","quantile",0.65,40.2752792615364
2024-04-20,0,"wk inc flu hosp",2024-04-20,"41","quantile",0.65,40.5283415661876
2024-04-20,1,"wk inc flu hosp",2024-04-27,"41","quantile",0.65,43.4934505477675
2024-04-20,2,"wk inc flu hosp",2024-05-04,"41","quantile",0.65,45.5139468552285
2024-04-20,3,"wk inc flu hosp",2024-05-11,"41","quantile",0.65,47.2807709611623
2024-04-20,-1,"wk inc flu hosp",2024-04-13,"41","quantile",0.7,43.8527164213593
2024-04-20,0,"wk inc flu hosp",2024-04-20,"41","quantile",0.7,44.0992673538118
2024-04-20,1,"wk inc flu hosp",2024-04-27,"41","quantile",0.7,49.3298215427489
2024-04-20,2,"wk inc flu hosp",2024-05-04,"41","quantile",0.7,52.8117836489891
2024-04-20,3,"wk inc flu hosp",2024-05-11,"41","quantile",0.7,56.5685031753211
2024-04-20,-1,"wk inc flu hosp",2024-04-13,"41","quantile",0.75,48.0730564778958
2024-04-20,0,"wk inc flu hosp",2024-04-20,"41","quantile",0.75,48.4362263227534
2024-04-20,1,"wk inc flu hosp",2024-04-27,"41","quantile",0.75,56.2002747110007
2024-04-20,2,"wk inc flu hosp",2024-05-04,"41","quantile",0.75,62.4704117249351
2024-04-20,3,"wk inc flu hosp",2024-05-11,"41","quantile",0.75,68.1724292814873
2024-04-20,-1,"wk inc flu hosp",2024-04-13,"41","quantile",0.8,53.3064333630125
2024-04-20,0,"wk inc flu hosp",2024-04-20,"41","quantile",0.8,53.704623120936
2024-04-20,1,"wk inc flu hosp",2024-04-27,"41","quantile",0.8,65.1710160861484
2024-04-20,2,"wk inc flu hosp",2024-05-04,"41","quantile",0.8,75.1942097388984
2024-04-20,3,"wk inc flu hosp",2024-05-11,"41","quantile",0.8,84.047705972307
2024-04-20,-1,"wk inc flu hosp",2024-04-13,"41","quantile",0.85,60.0655763433854
2024-04-20,0,"wk inc flu hosp",2024-04-20,"41","quantile",0.85,60.7087304642155
2024-04-20,1,"wk inc flu hosp",2024-04-27,"41","quantile",0.85,77.5952009999198
2024-04-20,2,"wk inc flu hosp",2024-05-04,"41","quantile",0.85,92.9385078224622
2024-04-20,3,"wk inc flu hosp",2024-05-11,"41","quantile",0.85,107.788189239417
2024-04-20,-1,"wk inc flu hosp",2024-04-13,"41","quantile",0.9,70.1187399301494
2024-04-20,0,"wk inc flu hosp",2024-04-20,"41","quantile",0.9,70.7663802017559
2024-04-20,1,"wk inc flu hosp",2024-04-27,"41","quantile",0.9,96.2514393019317
2024-04-20,2,"wk inc flu hosp",2024-05-04,"41","quantile",0.9,122.256398862889
2024-04-20,3,"wk inc flu hosp",2024-05-11,"41","quantile",0.9,148.112811833045
2024-04-20,-1,"wk inc flu hosp",2024-04-13,"41","quantile",0.95,88.106643885789
2024-04-20,0,"wk inc flu hosp",2024-04-20,"41","quantile",0.95,88.7142980127104
2024-04-20,1,"wk inc flu hosp",2024-04-27,"41","quantile",0.95,133.474318536892
2024-04-20,2,"wk inc flu hosp",2024-05-04,"41","quantile",0.95,185.230613101593
2024-04-20,3,"wk inc flu hosp",2024-05-11,"41","quantile",0.95,241.895852073554
2024-04-20,-1,"wk inc flu hosp",2024-04-13,"41","quantile",0.975,107.56933827473
2024-04-20,0,"wk inc flu hosp",2024-04-20,"41","quantile",0.975,107.268629584716
2024-04-20,1,"wk inc flu hosp",2024-04-27,"41","quantile",0.975,177.257370636336
2024-04-20,2,"wk inc flu hosp",2024-05-04,"41","quantile",0.975,264.374967518241
2024-04-20,3,"wk inc flu hosp",2024-05-11,"41","quantile",0.975,376.426214013409
2024-04-20,-1,"wk inc flu hosp",2024-04-13,"41","quantile",0.99,135.073395052314
2024-04-20,0,"wk inc flu hosp",2024-04-20,"41","quantile",0.99,135.934166384143
2024-04-20,1,"wk inc flu hosp",2024-04-27,"41","quantile",0.99,248.634962413555
2024-04-20,2,"wk inc flu hosp",2024-05-04,"41","quantile",0.99,403.378574523427
2024-04-20,3,"wk inc flu hosp",2024-05-11,"41","quantile",0.99,638.579528460802
2024-04-20,-1,"wk inc flu hosp",2024-04-13,"42","quantile",0.01,62.5880817773221
2024-04-20,0,"wk inc flu hosp",2024-04-20,"42","quantile",0.01,60.6621820607385
2024-04-20,1,"wk inc flu hosp",2024-04-27,"42","quantile",0.01,35.7077153358967
2024-04-20,2,"wk inc flu hosp",2024-05-04,"42","quantile",0.01,25.5025875588619
2024-04-20,3,"wk inc flu hosp",2024-05-11,"42","quantile",0.01,20.6118303876236
2024-04-20,-1,"wk inc flu hosp",2024-04-13,"42","quantile",0.025,73.3153601763951
2024-04-20,0,"wk inc flu hosp",2024-04-20,"42","quantile",0.025,71.0687172968725
2024-04-20,1,"wk inc flu hosp",2024-04-27,"42","quantile",0.025,44.5841888246227
2024-04-20,2,"wk inc flu hosp",2024-05-04,"42","quantile",0.025,32.9211493339124
2024-04-20,3,"wk inc flu hosp",2024-05-11,"42","quantile",0.025,26.7260353545492
2024-04-20,-1,"wk inc flu hosp",2024-04-13,"42","quantile",0.05,83.771053467026
2024-04-20,0,"wk inc flu hosp",2024-04-20,"42","quantile",0.05,81.8016538461681
2024-04-20,1,"wk inc flu hosp",2024-04-27,"42","quantile",0.05,54.0815208152615
2024-04-20,2,"wk inc flu hosp",2024-05-04,"42","quantile",0.05,40.862631595065
2024-04-20,3,"wk inc flu hosp",2024-05-11,"42","quantile",0.05,33.8407077201902
2024-04-20,-1,"wk inc flu hosp",2024-04-13,"42","quantile",0.1,98.1339009306051
2024-04-20,0,"wk inc flu hosp",2024-04-20,"42","quantile",0.1,95.7806207352698
2024-04-20,1,"wk inc flu hosp",2024-04-27,"42","quantile",0.1,67.1654297444744
2024-04-20,2,"wk inc flu hosp",2024-05-04,"42","quantile",0.1,53.0333780719314
2024-04-20,3,"wk inc flu hosp",2024-05-11,"42","quantile",0.1,44.7654055585605
2024-04-20,-1,"wk inc flu hosp",2024-04-13,"42","quantile",0.15,108.627592476566
2024-04-20,0,"wk inc flu hosp",2024-04-20,"42","quantile",0.15,106.294677191675
2024-04-20,1,"wk inc flu hosp",2024-04-27,"42","quantile",0.15,77.7450719243289
2024-04-20,2,"wk inc flu hosp",2024-05-04,"42","quantile",0.15,62.8743823577732
2024-04-20,3,"wk inc flu hosp",2024-05-11,"42","quantile",0.15,53.938266251091
2024-04-20,-1,"wk inc flu hosp",2024-04-13,"42","quantile",0.2,118.01743153204
2024-04-20,0,"wk inc flu hosp",2024-04-20,"42","quantile",0.2,115.403778177595
2024-04-20,1,"wk inc flu hosp",2024-04-27,"42","quantile",0.2,87.1891807793632
2024-04-20,2,"wk inc flu hosp",2024-05-04,"42","quantile",0.2,72.1095173882943
2024-04-20,3,"wk inc flu hosp",2024-05-11,"42","quantile",0.2,62.6754976815852
2024-04-20,-1,"wk inc flu hosp",2024-04-13,"42","quantile",0.25,126.452102951788
2024-04-20,0,"wk inc flu hosp",2024-04-20,"42","quantile",0.25,124.087522709163
2024-04-20,1,"wk inc flu hosp",2024-04-27,"42","quantile",0.25,96.5875891488325
2024-04-20,2,"wk inc flu hosp",2024-05-04,"42","quantile",0.25,81.456327393633
2024-04-20,3,"wk inc flu hosp",2024-05-11,"42","quantile",0.25,71.3736995681825
2024-04-20,-1,"wk inc flu hosp",2024-04-13,"42","quantile",0.3,134.921300228485
2024-04-20,0,"wk inc flu hosp",2024-04-20,"42","quantile",0.3,132.590211441292
2024-04-20,1,"wk inc flu hosp",2024-04-27,"42","quantile",0.3,105.941701205006
2024-04-20,2,"wk inc flu hosp",2024-05-04,"42","quantile",0.3,90.7828769026353
2024-04-20,3,"wk inc flu hosp",2024-05-11,"42","quantile",0.3,80.3666914201846
2024-04-20,-1,"wk inc flu hosp",2024-04-13,"42","quantile",0.35,143.341414766696
2024-04-20,0,"wk inc flu hosp",2024-04-20,"42","quantile",0.35,140.725261502767
2024-04-20,1,"wk inc flu hosp",2024-04-27,"42","quantile",0.35,115.2608267623
2024-04-20,2,"wk inc flu hosp",2024-05-04,"42","quantile",0.35,100.098416456317
2024-04-20,3,"wk inc flu hosp",2024-05-11,"42","quantile",0.35,89.9652300710666
2024-04-20,-1,"wk inc flu hosp",2024-04-13,"42","quantile",0.4,151.644467944753
2024-04-20,0,"wk inc flu hosp",2024-04-20,"42","quantile",0.4,148.757242088623
2024-04-20,1,"wk inc flu hosp",2024-04-27,"42","quantile",0.4,124.938823920567
2024-04-20,2,"wk inc flu hosp",2024-05-04,"42","quantile",0.4,110.015119146391
2024-04-20,3,"wk inc flu hosp",2024-05-11,"42","quantile",0.4,99.9438651582199
2024-04-20,-1,"wk inc flu hosp",2024-04-13,"42","quantile",0.45,160.182187519716
2024-04-20,0,"wk inc flu hosp",2024-04-20,"42","quantile",0.45,157.323294382628
2024-04-20,1,"wk inc flu hosp",2024-04-27,"42","quantile",0.45,134.77424837872
2024-04-20,2,"wk inc flu hosp",2024-05-04,"42","quantile",0.45,120.610759797264
2024-04-20,3,"wk inc flu hosp",2024-05-11,"42","quantile",0.45,110.447741399193
2024-04-20,-1,"wk inc flu hosp",2024-04-13,"42","quantile",0.5,168.867983424227
2024-04-20,0,"wk inc flu hosp",2024-04-20,"42","quantile",0.5,165.905455176106
2024-04-20,1,"wk inc flu hosp",2024-04-27,"42","quantile",0.5,145.479281669304
2024-04-20,2,"wk inc flu hosp",2024-05-04,"42","quantile",0.5,131.873249049523
2024-04-20,3,"wk inc flu hosp",2024-05-11,"42","quantile",0.5,122.277855933334
2024-04-20,-1,"wk inc flu hosp",2024-04-13,"42","quantile",0.55,178.31555659176
2024-04-20,0,"wk inc flu hosp",2024-04-20,"42","quantile",0.55,175.24886338406
2024-04-20,1,"wk inc flu hosp",2024-04-27,"42","quantile",0.55,156.82718026886
2024-04-20,2,"wk inc flu hosp",2024-05-04,"42","quantile",0.55,144.517303447544
2024-04-20,3,"wk inc flu hosp",2024-05-11,"42","quantile",0.55,135.133704631065
2024-04-20,-1,"wk inc flu hosp",2024-04-13,"42","quantile",0.6,188.136565720194
2024-04-20,0,"wk inc flu hosp",2024-04-20,"42","quantile",0.6,184.69395889132
2024-04-20,1,"wk inc flu hosp",2024-04-27,"42","quantile",0.6,169.476060036221
2024-04-20,2,"wk inc flu hosp",2024-05-04,"42","quantile",0.6,158.29982067419
2024-04-20,3,"wk inc flu hosp",2024-05-11,"42","quantile",0.6,150.172704744846
2024-04-20,-1,"wk inc flu hosp",2024-04-13,"42","quantile",0.65,199.294236772267
2024-04-20,0,"wk inc flu hosp",2024-04-20,"42","quantile",0.65,195.124370883779
2024-04-20,1,"wk inc flu hosp",2024-04-27,"42","quantile",0.65,183.714287268526
2024-04-20,2,"wk inc flu hosp",2024-05-04,"42","quantile",0.65,174.684904615853
2024-04-20,3,"wk inc flu hosp",2024-05-11,"42","quantile",0.65,167.621490040618
2024-04-20,-1,"wk inc flu hosp",2024-04-13,"42","quantile",0.7,210.923641449693
2024-04-20,0,"wk inc flu hosp",2024-04-20,"42","quantile",0.7,207.058180761209
2024-04-20,1,"wk inc flu hosp",2024-04-27,"42","quantile",0.7,199.690984535028
2024-04-20,2,"wk inc flu hosp",2024-05-04,"42","quantile",0.7,193.788382341618
2024-04-20,3,"wk inc flu hosp",2024-05-11,"42","quantile",0.7,187.687613949633
2024-04-20,-1,"wk inc flu hosp",2024-04-13,"42","quantile",0.75,225.453844068101
2024-04-20,0,"wk inc flu hosp",2024-04-20,"42","quantile",0.75,220.477564515862
2024-04-20,1,"wk inc flu hosp",2024-04-27,"42","quantile",0.75,219.522277033747
2024-04-20,2,"wk inc flu hosp",2024-05-04,"42","quantile",0.75,216.818119001081
2024-04-20,3,"wk inc flu hosp",2024-05-11,"42","quantile",0.75,214.181839916812
2024-04-20,-1,"wk inc flu hosp",2024-04-13,"42","quantile",0.8,242.42763408902
2024-04-20,0,"wk inc flu hosp",2024-04-20,"42","quantile",0.8,236.443462637259
2024-04-20,1,"wk inc flu hosp",2024-04-27,"42","quantile",0.8,243.644952060224
2024-04-20,2,"wk inc flu hosp",2024-05-04,"42","quantile",0.8,246.484980892907
2024-04-20,3,"wk inc flu hosp",2024-05-11,"42","quantile",0.8,247.39000897902
2024-04-20,-1,"wk inc flu hosp",2024-04-13,"42","quantile",0.85,263.736107030553
2024-04-20,0,"wk inc flu hosp",2024-04-20,"42","quantile",0.85,257.173828611409
2024-04-20,1,"wk inc flu hosp",2024-04-27,"42","quantile",0.85,275.353103591568
2024-04-20,2,"wk inc flu hosp",2024-05-04,"42","quantile",0.85,286.231946114701
2024-04-20,3,"wk inc flu hosp",2024-05-11,"42","quantile",0.85,291.435284152786
2024-04-20,-1,"wk inc flu hosp",2024-04-13,"42","quantile",0.9,292.795206165267
2024-04-20,0,"wk inc flu hosp",2024-04-20,"42","quantile",0.9,286.577773991723
2024-04-20,1,"wk inc flu hosp",2024-04-27,"42","quantile",0.9,321.058480208963
2024-04-20,2,"wk inc flu hosp",2024-05-04,"42","quantile",0.9,346.487518840267
2024-04-20,3,"wk inc flu hosp",2024-05-11,"42","quantile",0.9,360.82130301476
2024-04-20,-1,"wk inc flu hosp",2024-04-13,"42","quantile",0.95,342.113704165554
2024-04-20,0,"wk inc flu hosp",2024-04-20,"42","quantile",0.95,333.972000061507
2024-04-20,1,"wk inc flu hosp",2024-04-27,"42","quantile",0.95,404.495873408723
2024-04-20,2,"wk inc flu hosp",2024-05-04,"42","quantile",0.95,461.585557129023
2024-04-20,3,"wk inc flu hosp",2024-05-11,"42","quantile",0.95,503.615487851304
2024-04-20,-1,"wk inc flu hosp",2024-04-13,"42","quantile",0.975,394.430129514856
2024-04-20,0,"wk inc flu hosp",2024-04-20,"42","quantile",0.975,384.704295040659
2024-04-20,1,"wk inc flu hosp",2024-04-27,"42","quantile",0.975,499.346063664162
2024-04-20,2,"wk inc flu hosp",2024-05-04,"42","quantile",0.975,595.829322750971
2024-04-20,3,"wk inc flu hosp",2024-05-11,"42","quantile",0.975,677.578932759062
2024-04-20,-1,"wk inc flu hosp",2024-04-13,"42","quantile",0.99,463.224003266491
2024-04-20,0,"wk inc flu hosp",2024-04-20,"42","quantile",0.99,450.623652320548
2024-04-20,1,"wk inc flu hosp",2024-04-27,"42","quantile",0.99,637.271573147343
2024-04-20,2,"wk inc flu hosp",2024-05-04,"42","quantile",0.99,800.024729781782
2024-04-20,3,"wk inc flu hosp",2024-05-11,"42","quantile",0.99,975.027313908166
2024-04-20,-1,"wk inc flu hosp",2024-04-13,"44","quantile",0.01,1.44681221624966
2024-04-20,0,"wk inc flu hosp",2024-04-20,"44","quantile",0.01,1.42750167586937
2024-04-20,1,"wk inc flu hosp",2024-04-27,"44","quantile",0.01,0.253438901143622
2024-04-20,2,"wk inc flu hosp",2024-05-04,"44","quantile",0.01,0
2024-04-20,3,"wk inc flu hosp",2024-05-11,"44","quantile",0.01,0
2024-04-20,-1,"wk inc flu hosp",2024-04-13,"44","quantile",0.025,2.12919129957554
2024-04-20,0,"wk inc flu hosp",2024-04-20,"44","quantile",0.025,2.1056155448637
2024-04-20,1,"wk inc flu hosp",2024-04-27,"44","quantile",0.025,0.709455335590828
2024-04-20,2,"wk inc flu hosp",2024-05-04,"44","quantile",0.025,0.136956959587492
2024-04-20,3,"wk inc flu hosp",2024-05-11,"44","quantile",0.025,0
2024-04-20,-1,"wk inc flu hosp",2024-04-13,"44","quantile",0.05,2.89822844799693
2024-04-20,0,"wk inc flu hosp",2024-04-20,"44","quantile",0.05,2.81559138793774
2024-04-20,1,"wk inc flu hosp",2024-04-27,"44","quantile",0.05,1.23374390888881
2024-04-20,2,"wk inc flu hosp",2024-05-04,"44","quantile",0.05,0.527971753779661
2024-04-20,3,"wk inc flu hosp",2024-05-11,"44","quantile",0.05,0.161158649402749
2024-04-20,-1,"wk inc flu hosp",2024-04-13,"44","quantile",0.1,3.92559342985967
2024-04-20,0,"wk inc flu hosp",2024-04-20,"44","quantile",0.1,3.8402007397355
2024-04-20,1,"wk inc flu hosp",2024-04-27,"44","quantile",0.1,2.02643597632597
2024-04-20,2,"wk inc flu hosp",2024-05-04,"44","quantile",0.1,1.14897725021159
2024-04-20,3,"wk inc flu hosp",2024-05-11,"44","quantile",0.1,0.663180164349237
2024-04-20,-1,"wk inc flu hosp",2024-04-13,"44","quantile",0.15,4.77653585294849
2024-04-20,0,"wk inc flu hosp",2024-04-20,"44","quantile",0.15,4.72312868798154
2024-04-20,1,"wk inc flu hosp",2024-04-27,"44","quantile",0.15,2.71227355053655
2024-04-20,2,"wk inc flu hosp",2024-05-04,"44","quantile",0.15,1.70498259820354
2024-04-20,3,"wk inc flu hosp",2024-05-11,"44","quantile",0.15,1.13675564361335
2024-04-20,-1,"wk inc flu hosp",2024-04-13,"44","quantile",0.2,5.52201911714984
2024-04-20,0,"wk inc flu hosp",2024-04-20,"44","quantile",0.2,5.48784620202425
2024-04-20,1,"wk inc flu hosp",2024-04-27,"44","quantile",0.2,3.35151414057326
2024-04-20,2,"wk inc flu hosp",2024-05-04,"44","quantile",0.2,2.24990392436643
2024-04-20,3,"wk inc flu hosp",2024-05-11,"44","quantile",0.2,1.59299236084376
2024-04-20,-1,"wk inc flu hosp",2024-04-13,"44","quantile",0.25,6.26016279350046
2024-04-20,0,"wk inc flu hosp",2024-04-20,"44","quantile",0.25,6.21722488674317
2024-04-20,1,"wk inc flu hosp",2024-04-27,"44","quantile",0.25,4.01770256347089
2024-04-20,2,"wk inc flu hosp",2024-05-04,"44","quantile",0.25,2.79676023449132
2024-04-20,3,"wk inc flu hosp",2024-05-11,"44","quantile",0.25,2.05927830499842
2024-04-20,-1,"wk inc flu hosp",2024-04-13,"44","quantile",0.3,6.98717767764637
2024-04-20,0,"wk inc flu hosp",2024-04-20,"44","quantile",0.3,6.96331618322828
2024-04-20,1,"wk inc flu hosp",2024-04-27,"44","quantile",0.3,4.68912003282948
2024-04-20,2,"wk inc flu hosp",2024-05-04,"44","quantile",0.3,3.37486250591205
2024-04-20,3,"wk inc flu hosp",2024-05-11,"44","quantile",0.3,2.55001503730888
2024-04-20,-1,"wk inc flu hosp",2024-04-13,"44","quantile",0.35,7.7506781394929
2024-04-20,0,"wk inc flu hosp",2024-04-20,"44","quantile",0.35,7.73542128547371
2024-04-20,1,"wk inc flu hosp",2024-04-27,"44","quantile",0.35,5.3922099227596
2024-04-20,2,"wk inc flu hosp",2024-05-04,"44","quantile",0.35,4.00370475263246
2024-04-20,3,"wk inc flu hosp",2024-05-11,"44","quantile",0.35,3.09376681128186
2024-04-20,-1,"wk inc flu hosp",2024-04-13,"44","quantile",0.4,8.52545841096275
2024-04-20,0,"wk inc flu hosp",2024-04-20,"44","quantile",0.4,8.52149725035355
2024-04-20,1,"wk inc flu hosp",2024-04-27,"44","quantile",0.4,6.18210339394801
2024-04-20,2,"wk inc flu hosp",2024-05-04,"44","quantile",0.4,4.68713890961013
2024-04-20,3,"wk inc flu hosp",2024-05-11,"44","quantile",0.4,3.69563912045285
2024-04-20,-1,"wk inc flu hosp",2024-04-13,"44","quantile",0.45,9.33036069178005
2024-04-20,0,"wk inc flu hosp",2024-04-20,"44","quantile",0.45,9.35639614804231
2024-04-20,1,"wk inc flu hosp",2024-04-27,"44","quantile",0.45,7.00112588004639
2024-04-20,2,"wk inc flu hosp",2024-05-04,"44","quantile",0.45,5.4419085750528
2024-04-20,3,"wk inc flu hosp",2024-05-11,"44","quantile",0.45,4.3468610844692
2024-04-20,-1,"wk inc flu hosp",2024-04-13,"44","quantile",0.5,10.2078155924664
2024-04-20,0,"wk inc flu hosp",2024-04-20,"44","quantile",0.5,10.2332360666355
2024-04-20,1,"wk inc flu hosp",2024-04-27,"44","quantile",0.5,7.89318692223481
2024-04-20,2,"wk inc flu hosp",2024-05-04,"44","quantile",0.5,6.26109521680704
2024-04-20,3,"wk inc flu hosp",2024-05-11,"44","quantile",0.5,5.05339774818531
2024-04-20,-1,"wk inc flu hosp",2024-04-13,"44","quantile",0.55,11.1995711499226
2024-04-20,0,"wk inc flu hosp",2024-04-20,"44","quantile",0.55,11.1645286150541
2024-04-20,1,"wk inc flu hosp",2024-04-27,"44","quantile",0.55,8.88103831654094
2024-04-20,2,"wk inc flu hosp",2024-05-04,"44","quantile",0.55,7.15827741128412
2024-04-20,3,"wk inc flu hosp",2024-05-11,"44","quantile",0.55,5.90333260726905
2024-04-20,-1,"wk inc flu hosp",2024-04-13,"44","quantile",0.6,12.2724992328242
2024-04-20,0,"wk inc flu hosp",2024-04-20,"44","quantile",0.6,12.1962200480708
2024-04-20,1,"wk inc flu hosp",2024-04-27,"44","quantile",0.6,10.0093873460872
2024-04-20,2,"wk inc flu hosp",2024-05-04,"44","quantile",0.6,8.25055560630685
2024-04-20,3,"wk inc flu hosp",2024-05-11,"44","quantile",0.6,6.92002351572203
2024-04-20,-1,"wk inc flu hosp",2024-04-13,"44","quantile",0.65,13.4770100747539
2024-04-20,0,"wk inc flu hosp",2024-04-20,"44","quantile",0.65,13.3269095714772
2024-04-20,1,"wk inc flu hosp",2024-04-27,"44","quantile",0.65,11.3314662691093
2024-04-20,2,"wk inc flu hosp",2024-05-04,"44","quantile",0.65,9.52483946239757
2024-04-20,3,"wk inc flu hosp",2024-05-11,"44","quantile",0.65,8.05552919404049
2024-04-20,-1,"wk inc flu hosp",2024-04-13,"44","quantile",0.7,14.8289337644328
2024-04-20,0,"wk inc flu hosp",2024-04-20,"44","quantile",0.7,14.6671326861596
2024-04-20,1,"wk inc flu hosp",2024-04-27,"44","quantile",0.7,12.8885679913754
2024-04-20,2,"wk inc flu hosp",2024-05-04,"44","quantile",0.7,11.0848708572599
2024-04-20,3,"wk inc flu hosp",2024-05-11,"44","quantile",0.7,9.57730352031637
2024-04-20,-1,"wk inc flu hosp",2024-04-13,"44","quantile",0.75,16.4815635962773
2024-04-20,0,"wk inc flu hosp",2024-04-20,"44","quantile",0.75,16.3064295216221
2024-04-20,1,"wk inc flu hosp",2024-04-27,"44","quantile",0.75,14.8174984180384
2024-04-20,2,"wk inc flu hosp",2024-05-04,"44","quantile",0.75,13.0666356041526
2024-04-20,3,"wk inc flu hosp",2024-05-11,"44","quantile",0.75,11.4402893783988
2024-04-20,-1,"wk inc flu hosp",2024-04-13,"44","quantile",0.8,18.5678682823196
2024-04-20,0,"wk inc flu hosp",2024-04-20,"44","quantile",0.8,18.2458919925059
2024-04-20,1,"wk inc flu hosp",2024-04-27,"44","quantile",0.8,17.3742958723105
2024-04-20,2,"wk inc flu hosp",2024-05-04,"44","quantile",0.8,15.6482878883931
2024-04-20,3,"wk inc flu hosp",2024-05-11,"44","quantile",0.8,13.9300095446852
2024-04-20,-1,"wk inc flu hosp",2024-04-13,"44","quantile",0.85,21.2248325072896
2024-04-20,0,"wk inc flu hosp",2024-04-20,"44","quantile",0.85,20.8004248248747
2024-04-20,1,"wk inc flu hosp",2024-04-27,"44","quantile",0.85,20.7680657020359
2024-04-20,2,"wk inc flu hosp",2024-05-04,"44","quantile",0.85,19.2290347728686
2024-04-20,3,"wk inc flu hosp",2024-05-11,"44","quantile",0.85,17.4969218375211
2024-04-20,-1,"wk inc flu hosp",2024-04-13,"44","quantile",0.9,25.1226521195383
2024-04-20,0,"wk inc flu hosp",2024-04-20,"44","quantile",0.9,24.6389493272939
2024-04-20,1,"wk inc flu hosp",2024-04-27,"44","quantile",0.9,26.0763164840022
2024-04-20,2,"wk inc flu hosp",2024-05-04,"44","quantile",0.9,25.2297995968724
2024-04-20,3,"wk inc flu hosp",2024-05-11,"44","quantile",0.9,23.3804851143475
2024-04-20,-1,"wk inc flu hosp",2024-04-13,"44","quantile",0.95,32.3575053934125
2024-04-20,0,"wk inc flu hosp",2024-04-20,"44","quantile",0.95,31.6489456136206
2024-04-20,1,"wk inc flu hosp",2024-04-27,"44","quantile",0.95,36.7933609634442
2024-04-20,2,"wk inc flu hosp",2024-05-04,"44","quantile",0.95,37.5290419970927
2024-04-20,3,"wk inc flu hosp",2024-05-11,"44","quantile",0.95,36.2817093810911
2024-04-20,-1,"wk inc flu hosp",2024-04-13,"44","quantile",0.975,39.4822328383118
2024-04-20,0,"wk inc flu hosp",2024-04-20,"44","quantile",0.975,39.3264707840822
2024-04-20,1,"wk inc flu hosp",2024-04-27,"44","quantile",0.975,48.9866621341222
2024-04-20,2,"wk inc flu hosp",2024-05-04,"44","quantile",0.975,53.59241531769
2024-04-20,3,"wk inc flu hosp",2024-05-11,"44","quantile",0.975,53.9679756796247
2024-04-20,-1,"wk inc flu hosp",2024-04-13,"44","quantile",0.99,50.3941062079155
2024-04-20,0,"wk inc flu hosp",2024-04-20,"44","quantile",0.99,50.8590869413207
2024-04-20,1,"wk inc flu hosp",2024-04-27,"44","quantile",0.99,70.0156641660568
2024-04-20,2,"wk inc flu hosp",2024-05-04,"44","quantile",0.99,81.6849145048972
2024-04-20,3,"wk inc flu hosp",2024-05-11,"44","quantile",0.99,88.1986822028484
2024-04-20,-1,"wk inc flu hosp",2024-04-13,"45","quantile",0.01,20.2173933918608
2024-04-20,0,"wk inc flu hosp",2024-04-20,"45","quantile",0.01,19.9824106378066
2024-04-20,1,"wk inc flu hosp",2024-04-27,"45","quantile",0.01,12.2759499428233
2024-04-20,2,"wk inc flu hosp",2024-05-04,"45","quantile",0.01,9.08583303464745
2024-04-20,3,"wk inc flu hosp",2024-05-11,"45","quantile",0.01,7.60601320045197
2024-04-20,-1,"wk inc flu hosp",2024-04-13,"45","quantile",0.025,23.5240439258849
2024-04-20,0,"wk inc flu hosp",2024-04-20,"45","quantile",0.025,23.0358138912514
2024-04-20,1,"wk inc flu hosp",2024-04-27,"45","quantile",0.025,14.878664689789
2024-04-20,2,"wk inc flu hosp",2024-05-04,"45","quantile",0.025,11.2279820388551
2024-04-20,3,"wk inc flu hosp",2024-05-11,"45","quantile",0.025,9.58111081086717
2024-04-20,-1,"wk inc flu hosp",2024-04-13,"45","quantile",0.05,26.4918032265371
2024-04-20,0,"wk inc flu hosp",2024-04-20,"45","quantile",0.05,26.0947320759044
2024-04-20,1,"wk inc flu hosp",2024-04-27,"45","quantile",0.05,17.4256049753583
2024-04-20,2,"wk inc flu hosp",2024-05-04,"45","quantile",0.05,13.5079304807349
2024-04-20,3,"wk inc flu hosp",2024-05-11,"45","quantile",0.05,11.6322714119602
2024-04-20,-1,"wk inc flu hosp",2024-04-13,"45","quantile",0.1,30.3236294249744
2024-04-20,0,"wk inc flu hosp",2024-04-20,"45","quantile",0.1,29.9752517094786
2024-04-20,1,"wk inc flu hosp",2024-04-27,"45","quantile",0.1,21.0025221524997
2024-04-20,2,"wk inc flu hosp",2024-05-04,"45","quantile",0.1,16.6168344680743
2024-04-20,3,"wk inc flu hosp",2024-05-11,"45","quantile",0.1,14.3902740661234
2024-04-20,-1,"wk inc flu hosp",2024-04-13,"45","quantile",0.15,33.2535753480549
2024-04-20,0,"wk inc flu hosp",2024-04-20,"45","quantile",0.15,32.8353494633128
2024-04-20,1,"wk inc flu hosp",2024-04-27,"45","quantile",0.15,23.8093199884431
2024-04-20,2,"wk inc flu hosp",2024-05-04,"45","quantile",0.15,19.1676240923356
2024-04-20,3,"wk inc flu hosp",2024-05-11,"45","quantile",0.15,16.7454405200809
2024-04-20,-1,"wk inc flu hosp",2024-04-13,"45","quantile",0.2,35.741111472453
2024-04-20,0,"wk inc flu hosp",2024-04-20,"45","quantile",0.2,35.4244175257081
2024-04-20,1,"wk inc flu hosp",2024-04-27,"45","quantile",0.2,26.2798574409441
2024-04-20,2,"wk inc flu hosp",2024-05-04,"45","quantile",0.2,21.536303014089
2024-04-20,3,"wk inc flu hosp",2024-05-11,"45","quantile",0.2,18.8781167124062
2024-04-20,-1,"wk inc flu hosp",2024-04-13,"45","quantile",0.25,38.0646426045062
2024-04-20,0,"wk inc flu hosp",2024-04-20,"45","quantile",0.25,37.7714766585166
2024-04-20,1,"wk inc flu hosp",2024-04-27,"45","quantile",0.25,28.6406389603965
2024-04-20,2,"wk inc flu hosp",2024-05-04,"45","quantile",0.25,23.6540644920183
2024-04-20,3,"wk inc flu hosp",2024-05-11,"45","quantile",0.25,20.9652295411552
2024-04-20,-1,"wk inc flu hosp",2024-04-13,"45","quantile",0.3,40.3262438324864
2024-04-20,0,"wk inc flu hosp",2024-04-20,"45","quantile",0.3,39.9130004483823
2024-04-20,1,"wk inc flu hosp",2024-04-27,"45","quantile",0.3,30.8440585276398
2024-04-20,2,"wk inc flu hosp",2024-05-04,"45","quantile",0.3,25.8633431353194
2024-04-20,3,"wk inc flu hosp",2024-05-11,"45","quantile",0.3,22.9819662880099
2024-04-20,-1,"wk inc flu hosp",2024-04-13,"45","quantile",0.35,42.4311779631564
2024-04-20,0,"wk inc flu hosp",2024-04-20,"45","quantile",0.35,42.0120610007319
2024-04-20,1,"wk inc flu hosp",2024-04-27,"45","quantile",0.35,33.0876871052068
2024-04-20,2,"wk inc flu hosp",2024-05-04,"45","quantile",0.35,28.0138047076595
2024-04-20,3,"wk inc flu hosp",2024-05-11,"45","quantile",0.35,25.1034259423264
2024-04-20,-1,"wk inc flu hosp",2024-04-13,"45","quantile",0.4,44.537347464806
2024-04-20,0,"wk inc flu hosp",2024-04-20,"45","quantile",0.4,44.1081254496465
2024-04-20,1,"wk inc flu hosp",2024-04-27,"45","quantile",0.4,35.2640159833573
2024-04-20,2,"wk inc flu hosp",2024-05-04,"45","quantile",0.4,30.2136789555375
2024-04-20,3,"wk inc flu hosp",2024-05-11,"45","quantile",0.4,27.2268315218727
2024-04-20,-1,"wk inc flu hosp",2024-04-13,"45","quantile",0.45,46.740366070305
2024-04-20,0,"wk inc flu hosp",2024-04-20,"45","quantile",0.45,46.2621310596657
2024-04-20,1,"wk inc flu hosp",2024-04-27,"45","quantile",0.45,37.6179176155747
2024-04-20,2,"wk inc flu hosp",2024-05-04,"45","quantile",0.45,32.5581522475206
2024-04-20,3,"wk inc flu hosp",2024-05-11,"45","quantile",0.45,29.5229639091748
2024-04-20,-1,"wk inc flu hosp",2024-04-13,"45","quantile",0.5,48.9434485464503
2024-04-20,0,"wk inc flu hosp",2024-04-20,"45","quantile",0.5,48.4624856274717
2024-04-20,1,"wk inc flu hosp",2024-04-27,"45","quantile",0.5,40.0156650016816
2024-04-20,2,"wk inc flu hosp",2024-05-04,"45","quantile",0.5,34.9790827334747
2024-04-20,3,"wk inc flu hosp",2024-05-11,"45","quantile",0.5,31.9390716204414
2024-04-20,-1,"wk inc flu hosp",2024-04-13,"45","quantile",0.55,51.1664277716487
2024-04-20,0,"wk inc flu hosp",2024-04-20,"45","quantile",0.55,50.8242082607763
2024-04-20,1,"wk inc flu hosp",2024-04-27,"45","quantile",0.55,42.6037727194238
2024-04-20,2,"wk inc flu hosp",2024-05-04,"45","quantile",0.55,37.6221815867442
2024-04-20,3,"wk inc flu hosp",2024-05-11,"45","quantile",0.55,34.543028647886
2024-04-20,-1,"wk inc flu hosp",2024-04-13,"45","quantile",0.6,53.5364570359388
2024-04-20,0,"wk inc flu hosp",2024-04-20,"45","quantile",0.6,53.2351910791355
2024-04-20,1,"wk inc flu hosp",2024-04-27,"45","quantile",0.6,45.5265264644192
2024-04-20,2,"wk inc flu hosp",2024-05-04,"45","quantile",0.6,40.5791248793375
2024-04-20,3,"wk inc flu hosp",2024-05-11,"45","quantile",0.6,37.4245873551392
2024-04-20,-1,"wk inc flu hosp",2024-04-13,"45","quantile",0.65,56.2115111847368
2024-04-20,0,"wk inc flu hosp",2024-04-20,"45","quantile",0.65,55.9641976280051
2024-04-20,1,"wk inc flu hosp",2024-04-27,"45","quantile",0.65,48.7269637991956
2024-04-20,2,"wk inc flu hosp",2024-05-04,"45","quantile",0.65,43.8360806612553
2024-04-20,3,"wk inc flu hosp",2024-05-11,"45","quantile",0.65,40.6679028100407
2024-04-20,-1,"wk inc flu hosp",2024-04-13,"45","quantile",0.7,59.2052691668475
2024-04-20,0,"wk inc flu hosp",2024-04-20,"45","quantile",0.7,58.8898206168248
2024-04-20,1,"wk inc flu hosp",2024-04-27,"45","quantile",0.7,52.3382207398345
2024-04-20,2,"wk inc flu hosp",2024-05-04,"45","quantile",0.7,47.5851988912467
2024-04-20,3,"wk inc flu hosp",2024-05-11,"45","quantile",0.7,44.4395670982344
2024-04-20,-1,"wk inc flu hosp",2024-04-13,"45","quantile",0.75,62.6736460010582
2024-04-20,0,"wk inc flu hosp",2024-04-20,"45","quantile",0.75,62.2198555042813
2024-04-20,1,"wk inc flu hosp",2024-04-27,"45","quantile",0.75,56.401548188751
2024-04-20,2,"wk inc flu hosp",2024-05-04,"45","quantile",0.75,51.8798434717934
2024-04-20,3,"wk inc flu hosp",2024-05-11,"45","quantile",0.75,48.9530313691709
2024-04-20,-1,"wk inc flu hosp",2024-04-13,"45","quantile",0.8,66.6165958906029
2024-04-20,0,"wk inc flu hosp",2024-04-20,"45","quantile",0.8,66.1989350644815
2024-04-20,1,"wk inc flu hosp",2024-04-27,"45","quantile",0.8,61.4443330758188
2024-04-20,2,"wk inc flu hosp",2024-05-04,"45","quantile",0.8,57.4186076472507
2024-04-20,3,"wk inc flu hosp",2024-05-11,"45","quantile",0.8,54.6090179498827
2024-04-20,-1,"wk inc flu hosp",2024-04-13,"45","quantile",0.85,71.5971664722861
2024-04-20,0,"wk inc flu hosp",2024-04-20,"45","quantile",0.85,71.0480490872006
2024-04-20,1,"wk inc flu hosp",2024-04-27,"45","quantile",0.85,67.8933493746731
2024-04-20,2,"wk inc flu hosp",2024-05-04,"45","quantile",0.85,64.7882219613077
2024-04-20,3,"wk inc flu hosp",2024-05-11,"45","quantile",0.85,62.3346930684507
2024-04-20,-1,"wk inc flu hosp",2024-04-13,"45","quantile",0.9,78.3082781519929
2024-04-20,0,"wk inc flu hosp",2024-04-20,"45","quantile",0.9,77.6883711003679
2024-04-20,1,"wk inc flu hosp",2024-04-27,"45","quantile",0.9,77.0781342839118
2024-04-20,2,"wk inc flu hosp",2024-05-04,"45","quantile",0.9,75.1155888925354
2024-04-20,3,"wk inc flu hosp",2024-05-11,"45","quantile",0.9,73.475188080357
2024-04-20,-1,"wk inc flu hosp",2024-04-13,"45","quantile",0.95,89.654066646744
2024-04-20,0,"wk inc flu hosp",2024-04-20,"45","quantile",0.95,89.1394425159867
2024-04-20,1,"wk inc flu hosp",2024-04-27,"45","quantile",0.95,92.8763120323591
2024-04-20,2,"wk inc flu hosp",2024-05-04,"45","quantile",0.95,93.4676464969716
2024-04-20,3,"wk inc flu hosp",2024-05-11,"45","quantile",0.95,94.5092279016122
2024-04-20,-1,"wk inc flu hosp",2024-04-13,"45","quantile",0.975,100.378193013476
2024-04-20,0,"wk inc flu hosp",2024-04-20,"45","quantile",0.975,99.7364069013569
2024-04-20,1,"wk inc flu hosp",2024-04-27,"45","quantile",0.975,109.687529761309
2024-04-20,2,"wk inc flu hosp",2024-05-04,"45","quantile",0.975,113.962493838003
2024-04-20,3,"wk inc flu hosp",2024-05-11,"45","quantile",0.975,118.571012138269
2024-04-20,-1,"wk inc flu hosp",2024-04-13,"45","quantile",0.99,115.602383297198
2024-04-20,0,"wk inc flu hosp",2024-04-20,"45","quantile",0.99,113.851014903674
2024-04-20,1,"wk inc flu hosp",2024-04-27,"45","quantile",0.99,133.915371009613
2024-04-20,2,"wk inc flu hosp",2024-05-04,"45","quantile",0.99,144.648872448437
2024-04-20,3,"wk inc flu hosp",2024-05-11,"45","quantile",0.99,155.121096077056
2024-04-20,-1,"wk inc flu hosp",2024-04-13,"46","quantile",0.01,2.41443496694263
2024-04-20,0,"wk inc flu hosp",2024-04-20,"46","quantile",0.01,2.3380826977916
2024-04-20,1,"wk inc flu hosp",2024-04-27,"46","quantile",0.01,1.01022093594039
2024-04-20,2,"wk inc flu hosp",2024-05-04,"46","quantile",0.01,0.44214335972914
2024-04-20,3,"wk inc flu hosp",2024-05-11,"46","quantile",0.01,0.12897228961197
2024-04-20,-1,"wk inc flu hosp",2024-04-13,"46","quantile",0.025,3.33740013657427
2024-04-20,0,"wk inc flu hosp",2024-04-20,"46","quantile",0.025,3.27082264531388
2024-04-20,1,"wk inc flu hosp",2024-04-27,"46","quantile",0.025,1.72725823037093
2024-04-20,2,"wk inc flu hosp",2024-05-04,"46","quantile",0.025,1.03276641655163
2024-04-20,3,"wk inc flu hosp",2024-05-11,"46","quantile",0.025,0.639271009652965
2024-04-20,-1,"wk inc flu hosp",2024-04-13,"46","quantile",0.05,4.24076678705654
2024-04-20,0,"wk inc flu hosp",2024-04-20,"46","quantile",0.05,4.23241851285245
2024-04-20,1,"wk inc flu hosp",2024-04-27,"46","quantile",0.05,2.52687638398855
2024-04-20,2,"wk inc flu hosp",2024-05-04,"46","quantile",0.05,1.71583532325363
2024-04-20,3,"wk inc flu hosp",2024-05-11,"46","quantile",0.05,1.24659805194299
2024-04-20,-1,"wk inc flu hosp",2024-04-13,"46","quantile",0.1,5.57528998128919
2024-04-20,0,"wk inc flu hosp",2024-04-20,"46","quantile",0.1,5.54929734601795
2024-04-20,1,"wk inc flu hosp",2024-04-27,"46","quantile",0.1,3.74138276081759
2024-04-20,2,"wk inc flu hosp",2024-05-04,"46","quantile",0.1,2.7866491059527
2024-04-20,3,"wk inc flu hosp",2024-05-11,"46","quantile",0.1,2.24040690497983
2024-04-20,-1,"wk inc flu hosp",2024-04-13,"46","quantile",0.15,6.68626495831576
2024-04-20,0,"wk inc flu hosp",2024-04-20,"46","quantile",0.15,6.58575079560971
2024-04-20,1,"wk inc flu hosp",2024-04-27,"46","quantile",0.15,4.78381878651181
2024-04-20,2,"wk inc flu hosp",2024-05-04,"46","quantile",0.15,3.78562309706413
2024-04-20,3,"wk inc flu hosp",2024-05-11,"46","quantile",0.15,3.15276082266004
2024-04-20,-1,"wk inc flu hosp",2024-04-13,"46","quantile",0.2,7.65453947112227
2024-04-20,0,"wk inc flu hosp",2024-04-20,"46","quantile",0.2,7.54578467620724
2024-04-20,1,"wk inc flu hosp",2024-04-27,"46","quantile",0.2,5.78027042677087
2024-04-20,2,"wk inc flu hosp",2024-05-04,"46","quantile",0.2,4.73810858090892
2024-04-20,3,"wk inc flu hosp",2024-05-11,"46","quantile",0.2,4.04950520288379
2024-04-20,-1,"wk inc flu hosp",2024-04-13,"46","quantile",0.25,8.55744576400722
2024-04-20,0,"wk inc flu hosp",2024-04-20,"46","quantile",0.25,8.44544052296714
2024-04-20,1,"wk inc flu hosp",2024-04-27,"46","quantile",0.25,6.77245210921841
2024-04-20,2,"wk inc flu hosp",2024-05-04,"46","quantile",0.25,5.72955826907805
2024-04-20,3,"wk inc flu hosp",2024-05-11,"46","quantile",0.25,5.01161601375849
2024-04-20,-1,"wk inc flu hosp",2024-04-13,"46","quantile",0.3,9.44380114059914
2024-04-20,0,"wk inc flu hosp",2024-04-20,"46","quantile",0.3,9.32543845868694
2024-04-20,1,"wk inc flu hosp",2024-04-27,"46","quantile",0.3,7.76758744295134
2024-04-20,2,"wk inc flu hosp",2024-05-04,"46","quantile",0.3,6.74800683411224
2024-04-20,3,"wk inc flu hosp",2024-05-11,"46","quantile",0.3,5.99174631094352
2024-04-20,-1,"wk inc flu hosp",2024-04-13,"46","quantile",0.35,10.3696302492899
2024-04-20,0,"wk inc flu hosp",2024-04-20,"46","quantile",0.35,10.2575952803961
2024-04-20,1,"wk inc flu hosp",2024-04-27,"46","quantile",0.35,8.84689804759917
2024-04-20,2,"wk inc flu hosp",2024-05-04,"46","quantile",0.35,7.84043631045061
2024-04-20,3,"wk inc flu hosp",2024-05-11,"46","quantile",0.35,7.09176492902485
2024-04-20,-1,"wk inc flu hosp",2024-04-13,"46","quantile",0.4,11.3093794535226
2024-04-20,0,"wk inc flu hosp",2024-04-20,"46","quantile",0.4,11.2103076334896
2024-04-20,1,"wk inc flu hosp",2024-04-27,"46","quantile",0.4,9.97352184908243
2024-04-20,2,"wk inc flu hosp",2024-05-04,"46","quantile",0.4,9.03403201250482
2024-04-20,3,"wk inc flu hosp",2024-05-11,"46","quantile",0.4,8.29626135648789
2024-04-20,-1,"wk inc flu hosp",2024-04-13,"46","quantile",0.45,12.311685642457
2024-04-20,0,"wk inc flu hosp",2024-04-20,"46","quantile",0.45,12.1927406508862
2024-04-20,1,"wk inc flu hosp",2024-04-27,"46","quantile",0.45,11.2022968511041
2024-04-20,2,"wk inc flu hosp",2024-05-04,"46","quantile",0.45,10.3150145526598
2024-04-20,3,"wk inc flu hosp",2024-05-11,"46","quantile",0.45,9.63484243238326
2024-04-20,-1,"wk inc flu hosp",2024-04-13,"46","quantile",0.5,13.3938636228265
2024-04-20,0,"wk inc flu hosp",2024-04-20,"46","quantile",0.5,13.2445003299841
2024-04-20,1,"wk inc flu hosp",2024-04-27,"46","quantile",0.5,12.5292606409958
2024-04-20,2,"wk inc flu hosp",2024-05-04,"46","quantile",0.5,11.7802690312381
2024-04-20,3,"wk inc flu hosp",2024-05-11,"46","quantile",0.5,11.176741708113
2024-04-20,-1,"wk inc flu hosp",2024-04-13,"46","quantile",0.55,14.5252684115447
2024-04-20,0,"wk inc flu hosp",2024-04-20,"46","quantile",0.55,14.3431984967085
2024-04-20,1,"wk inc flu hosp",2024-04-27,"46","quantile",0.55,13.9794227508654
2024-04-20,2,"wk inc flu hosp",2024-05-04,"46","quantile",0.55,13.4875288827576
2024-04-20,3,"wk inc flu hosp",2024-05-11,"46","quantile",0.55,12.9247114812526
2024-04-20,-1,"wk inc flu hosp",2024-04-13,"46","quantile",0.6,15.7710620972211
2024-04-20,0,"wk inc flu hosp",2024-04-20,"46","quantile",0.6,15.6164483568135
2024-04-20,1,"wk inc flu hosp",2024-04-27,"46","quantile",0.6,15.6194808374923
2024-04-20,2,"wk inc flu hosp",2024-05-04,"46","quantile",0.6,15.3757016773238
2024-04-20,3,"wk inc flu hosp",2024-05-11,"46","quantile",0.6,14.9563223808251
2024-04-20,-1,"wk inc flu hosp",2024-04-13,"46","quantile",0.65,17.1669195111892
2024-04-20,0,"wk inc flu hosp",2024-04-20,"46","quantile",0.65,17.0476906410175
2024-04-20,1,"wk inc flu hosp",2024-04-27,"46","quantile",0.65,17.5027441868962
2024-04-20,2,"wk inc flu hosp",2024-05-04,"46","quantile",0.65,17.6795220554594
2024-04-20,3,"wk inc flu hosp",2024-05-11,"46","quantile",0.65,17.4363688065632
2024-04-20,-1,"wk inc flu hosp",2024-04-13,"46","quantile",0.7,18.7761791772098
2024-04-20,0,"wk inc flu hosp",2024-04-20,"46","quantile",0.7,18.655012593163
2024-04-20,1,"wk inc flu hosp",2024-04-27,"46","quantile",0.7,19.8143079499525
2024-04-20,2,"wk inc flu hosp",2024-05-04,"46","quantile",0.7,20.3978866919478
2024-04-20,3,"wk inc flu hosp",2024-05-11,"46","quantile",0.7,20.4638567944623
2024-04-20,-1,"wk inc flu hosp",2024-04-13,"46","quantile",0.75,20.6897706901167
2024-04-20,0,"wk inc flu hosp",2024-04-20,"46","quantile",0.75,20.5579340193388
2024-04-20,1,"wk inc flu hosp",2024-04-27,"46","quantile",0.75,22.5912169206822
2024-04-20,2,"wk inc flu hosp",2024-05-04,"46","quantile",0.75,23.8688849035574
2024-04-20,3,"wk inc flu hosp",2024-05-11,"46","quantile",0.75,24.2563467777808
2024-04-20,-1,"wk inc flu hosp",2024-04-13,"46","quantile",0.8,23.0241150903498
2024-04-20,0,"wk inc flu hosp",2024-04-20,"46","quantile",0.8,22.9549242906063
2024-04-20,1,"wk inc flu hosp",2024-04-27,"46","quantile",0.8,26.1066410960641
2024-04-20,2,"wk inc flu hosp",2024-05-04,"46","quantile",0.8,28.4917405053443
2024-04-20,3,"wk inc flu hosp",2024-05-11,"46","quantile",0.8,29.4958997692198
2024-04-20,-1,"wk inc flu hosp",2024-04-13,"46","quantile",0.85,25.9710843655211
2024-04-20,0,"wk inc flu hosp",2024-04-20,"46","quantile",0.85,25.9706448872976
2024-04-20,1,"wk inc flu hosp",2024-04-27,"46","quantile",0.85,30.8743427480019
2024-04-20,2,"wk inc flu hosp",2024-05-04,"46","quantile",0.85,34.7630125086535
2024-04-20,3,"wk inc flu hosp",2024-05-11,"46","quantile",0.85,37.1912186999026
2024-04-20,-1,"wk inc flu hosp",2024-04-13,"46","quantile",0.9,30.3013860564343
2024-04-20,0,"wk inc flu hosp",2024-04-20,"46","quantile",0.9,30.3005824264952
2024-04-20,1,"wk inc flu hosp",2024-04-27,"46","quantile",0.9,38.5496460957444
2024-04-20,2,"wk inc flu hosp",2024-05-04,"46","quantile",0.9,44.7634968905352
2024-04-20,3,"wk inc flu hosp",2024-05-11,"46","quantile",0.9,49.8556487188058
2024-04-20,-1,"wk inc flu hosp",2024-04-13,"46","quantile",0.95,38.3165931433892
2024-04-20,0,"wk inc flu hosp",2024-04-20,"46","quantile",0.95,37.9632894843604
2024-04-20,1,"wk inc flu hosp",2024-04-27,"46","quantile",0.95,53.091810783263
2024-04-20,2,"wk inc flu hosp",2024-05-04,"46","quantile",0.95,65.6916820829695
2024-04-20,3,"wk inc flu hosp",2024-05-11,"46","quantile",0.95,77.8756182234783
2024-04-20,-1,"wk inc flu hosp",2024-04-13,"46","quantile",0.975,46.979736059612
2024-04-20,0,"wk inc flu hosp",2024-04-20,"46","quantile",0.975,46.2363436773587
2024-04-20,1,"wk inc flu hosp",2024-04-27,"46","quantile",0.975,70.7783814976399
2024-04-20,2,"wk inc flu hosp",2024-05-04,"46","quantile",0.975,91.7922377316878
2024-04-20,3,"wk inc flu hosp",2024-05-11,"46","quantile",0.975,113.197776031564
2024-04-20,-1,"wk inc flu hosp",2024-04-13,"46","quantile",0.99,59.8129061273054
2024-04-20,0,"wk inc flu hosp",2024-04-20,"46","quantile",0.99,58.7285177268331
2024-04-20,1,"wk inc flu hosp",2024-04-27,"46","quantile",0.99,97.7312474251466
2024-04-20,2,"wk inc flu hosp",2024-05-04,"46","quantile",0.99,136.731444352635
2024-04-20,3,"wk inc flu hosp",2024-05-11,"46","quantile",0.99,183.826480952935
2024-04-20,-1,"wk inc flu hosp",2024-04-13,"47","quantile",0.01,23.5233809975609
2024-04-20,0,"wk inc flu hosp",2024-04-20,"47","quantile",0.01,23.2240109012522
2024-04-20,1,"wk inc flu hosp",2024-04-27,"47","quantile",0.01,15.0679158194392
2024-04-20,2,"wk inc flu hosp",2024-05-04,"47","quantile",0.01,11.756557112401
2024-04-20,3,"wk inc flu hosp",2024-05-11,"47","quantile",0.01,10.007724188314
2024-04-20,-1,"wk inc flu hosp",2024-04-13,"47","quantile",0.025,27.4109457262427
2024-04-20,0,"wk inc flu hosp",2024-04-20,"47","quantile",0.025,27.1143084262679
2024-04-20,1,"wk inc flu hosp",2024-04-27,"47","quantile",0.025,18.4147443195806
2024-04-20,2,"wk inc flu hosp",2024-05-04,"47","quantile",0.025,14.4963985510565
2024-04-20,3,"wk inc flu hosp",2024-05-11,"47","quantile",0.025,12.710572723603
2024-04-20,-1,"wk inc flu hosp",2024-04-13,"47","quantile",0.05,31.1875824883467
2024-04-20,0,"wk inc flu hosp",2024-04-20,"47","quantile",0.05,31.0298774576735
2024-04-20,1,"wk inc flu hosp",2024-04-27,"47","quantile",0.05,21.526707076972
2024-04-20,2,"wk inc flu hosp",2024-05-04,"47","quantile",0.05,17.5332827141645
2024-04-20,3,"wk inc flu hosp",2024-05-11,"47","quantile",0.05,15.4533463002233
2024-04-20,-1,"wk inc flu hosp",2024-04-13,"47","quantile",0.1,36.220302381756
2024-04-20,0,"wk inc flu hosp",2024-04-20,"47","quantile",0.1,35.9343951616922
2024-04-20,1,"wk inc flu hosp",2024-04-27,"47","quantile",0.1,26.0871930105314
2024-04-20,2,"wk inc flu hosp",2024-05-04,"47","quantile",0.1,21.5470600868022
2024-04-20,3,"wk inc flu hosp",2024-05-11,"47","quantile",0.1,19.3468310677952
2024-04-20,-1,"wk inc flu hosp",2024-04-13,"47","quantile",0.15,40.1582560887231
2024-04-20,0,"wk inc flu hosp",2024-04-20,"47","quantile",0.15,39.602967232022
2024-04-20,1,"wk inc flu hosp",2024-04-27,"47","quantile",0.15,29.6254895718225
2024-04-20,2,"wk inc flu hosp",2024-05-04,"47","quantile",0.15,24.9366650577048
2024-04-20,3,"wk inc flu hosp",2024-05-11,"47","quantile",0.15,22.5011507529286
2024-04-20,-1,"wk inc flu hosp",2024-04-13,"47","quantile",0.2,43.4352675411272
2024-04-20,0,"wk inc flu hosp",2024-04-20,"47","quantile",0.2,42.7841595113984
2024-04-20,1,"wk inc flu hosp",2024-04-27,"47","quantile",0.2,32.9118096154761
2024-04-20,2,"wk inc flu hosp",2024-05-04,"47","quantile",0.2,28.0749291429776
2024-04-20,3,"wk inc flu hosp",2024-05-11,"47","quantile",0.2,25.4177697275576
2024-04-20,-1,"wk inc flu hosp",2024-04-13,"47","quantile",0.25,46.4649565804979
2024-04-20,0,"wk inc flu hosp",2024-04-20,"47","quantile",0.25,45.7590619281695
2024-04-20,1,"wk inc flu hosp",2024-04-27,"47","quantile",0.25,35.9011320177411
2024-04-20,2,"wk inc flu hosp",2024-05-04,"47","quantile",0.25,31.0648960419519
2024-04-20,3,"wk inc flu hosp",2024-05-11,"47","quantile",0.25,28.3119615827872
2024-04-20,-1,"wk inc flu hosp",2024-04-13,"47","quantile",0.3,49.2881718405231
2024-04-20,0,"wk inc flu hosp",2024-04-20,"47","quantile",0.3,48.5598950150202
2024-04-20,1,"wk inc flu hosp",2024-04-27,"47","quantile",0.3,38.7666046944614
2024-04-20,2,"wk inc flu hosp",2024-05-04,"47","quantile",0.3,33.9596654360874
2024-04-20,3,"wk inc flu hosp",2024-05-11,"47","quantile",0.3,31.1146076664827
2024-04-20,-1,"wk inc flu hosp",2024-04-13,"47","quantile",0.35,52.1074772427757
2024-04-20,0,"wk inc flu hosp",2024-04-20,"47","quantile",0.35,51.3336813217784
2024-04-20,1,"wk inc flu hosp",2024-04-27,"47","quantile",0.35,41.7657738085333
2024-04-20,2,"wk inc flu hosp",2024-05-04,"47","quantile",0.35,36.9509765871251
2024-04-20,3,"wk inc flu hosp",2024-05-11,"47","quantile",0.35,33.9962440842983
2024-04-20,-1,"wk inc flu hosp",2024-04-13,"47","quantile",0.4,54.7994233914527
2024-04-20,0,"wk inc flu hosp",2024-04-20,"47","quantile",0.4,54.1413619467707
2024-04-20,1,"wk inc flu hosp",2024-04-27,"47","quantile",0.4,44.9189059052892
2024-04-20,2,"wk inc flu hosp",2024-05-04,"47","quantile",0.4,39.9756905853805
2024-04-20,3,"wk inc flu hosp",2024-05-11,"47","quantile",0.4,37.0075085674753
2024-04-20,-1,"wk inc flu hosp",2024-04-13,"47","quantile",0.45,57.5734278763973
2024-04-20,0,"wk inc flu hosp",2024-04-20,"47","quantile",0.45,57.0413973975797
2024-04-20,1,"wk inc flu hosp",2024-04-27,"47","quantile",0.45,48.1619676250975
2024-04-20,2,"wk inc flu hosp",2024-05-04,"47","quantile",0.45,43.1104306318536
2024-04-20,3,"wk inc flu hosp",2024-05-11,"47","quantile",0.45,40.2557466056831
2024-04-20,-1,"wk inc flu hosp",2024-04-13,"47","quantile",0.5,60.5141579792789
2024-04-20,0,"wk inc flu hosp",2024-04-20,"47","quantile",0.5,60.0590154090427
2024-04-20,1,"wk inc flu hosp",2024-04-27,"47","quantile",0.5,51.5984664938578
2024-04-20,2,"wk inc flu hosp",2024-05-04,"47","quantile",0.5,46.4941563090795
2024-04-20,3,"wk inc flu hosp",2024-05-11,"47","quantile",0.5,43.6931195003119
2024-04-20,-1,"wk inc flu hosp",2024-04-13,"47","quantile",0.55,63.6101636519215
2024-04-20,0,"wk inc flu hosp",2024-04-20,"47","quantile",0.55,63.1414449678001
2024-04-20,1,"wk inc flu hosp",2024-04-27,"47","quantile",0.55,55.1495704141393
2024-04-20,2,"wk inc flu hosp",2024-05-04,"47","quantile",0.55,50.3385736266786
2024-04-20,3,"wk inc flu hosp",2024-05-11,"47","quantile",0.55,47.4772632195663
2024-04-20,-1,"wk inc flu hosp",2024-04-13,"47","quantile",0.6,66.922684127835
2024-04-20,0,"wk inc flu hosp",2024-04-20,"47","quantile",0.6,66.5224543752885
2024-04-20,1,"wk inc flu hosp",2024-04-27,"47","quantile",0.6,59.01402213841
2024-04-20,2,"wk inc flu hosp",2024-05-04,"47","quantile",0.6,54.5174143068346
2024-04-20,3,"wk inc flu hosp",2024-05-11,"47","quantile",0.6,51.6009118396557
2024-04-20,-1,"wk inc flu hosp",2024-04-13,"47","quantile",0.65,70.6658400262596
2024-04-20,0,"wk inc flu hosp",2024-04-20,"47","quantile",0.65,70.1906692579646
2024-04-20,1,"wk inc flu hosp",2024-04-27,"47","quantile",0.65,63.4319710800833
2024-04-20,2,"wk inc flu hosp",2024-05-04,"47","quantile",0.65,59.287587747391
2024-04-20,3,"wk inc flu hosp",2024-05-11,"47","quantile",0.65,56.2705850275093
2024-04-20,-1,"wk inc flu hosp",2024-04-13,"47","quantile",0.7,74.781357678522
2024-04-20,0,"wk inc flu hosp",2024-04-20,"47","quantile",0.7,74.164812919629
2024-04-20,1,"wk inc flu hosp",2024-04-27,"47","quantile",0.7,68.4976370858992
2024-04-20,2,"wk inc flu hosp",2024-05-04,"47","quantile",0.7,64.6012205899161
2024-04-20,3,"wk inc flu hosp",2024-05-11,"47","quantile",0.7,61.7921124028912
2024-04-20,-1,"wk inc flu hosp",2024-04-13,"47","quantile",0.75,79.470631508678
2024-04-20,0,"wk inc flu hosp",2024-04-20,"47","quantile",0.75,78.8875382618038
2024-04-20,1,"wk inc flu hosp",2024-04-27,"47","quantile",0.75,74.4296392546715
2024-04-20,2,"wk inc flu hosp",2024-05-04,"47","quantile",0.75,70.8569550930334
2024-04-20,3,"wk inc flu hosp",2024-05-11,"47","quantile",0.75,68.2352810172255
2024-04-20,-1,"wk inc flu hosp",2024-04-13,"47","quantile",0.8,84.8312514936742
2024-04-20,0,"wk inc flu hosp",2024-04-20,"47","quantile",0.8,84.3048731237614
2024-04-20,1,"wk inc flu hosp",2024-04-27,"47","quantile",0.8,81.6116665313203
2024-04-20,2,"wk inc flu hosp",2024-05-04,"47","quantile",0.8,78.715916724054
2024-04-20,3,"wk inc flu hosp",2024-05-11,"47","quantile",0.8,76.6486656336556
2024-04-20,-1,"wk inc flu hosp",2024-04-13,"47","quantile",0.85,91.6333323050253
2024-04-20,0,"wk inc flu hosp",2024-04-20,"47","quantile",0.85,91.1950722401439
2024-04-20,1,"wk inc flu hosp",2024-04-27,"47","quantile",0.85,90.904234556968
2024-04-20,2,"wk inc flu hosp",2024-05-04,"47","quantile",0.85,89.3758833220812
2024-04-20,3,"wk inc flu hosp",2024-05-11,"47","quantile",0.85,87.5048452069577
2024-04-20,-1,"wk inc flu hosp",2024-04-13,"47","quantile",0.9,101.249883870408
2024-04-20,0,"wk inc flu hosp",2024-04-20,"47","quantile",0.9,100.552604488897
2024-04-20,1,"wk inc flu hosp",2024-04-27,"47","quantile",0.9,104.445901201305
2024-04-20,2,"wk inc flu hosp",2024-05-04,"47","quantile",0.9,105.221678370811
2024-04-20,3,"wk inc flu hosp",2024-05-11,"47","quantile",0.9,103.89312299492
2024-04-20,-1,"wk inc flu hosp",2024-04-13,"47","quantile",0.95,117.131328461475
2024-04-20,0,"wk inc flu hosp",2024-04-20,"47","quantile",0.95,116.4613713707
2024-04-20,1,"wk inc flu hosp",2024-04-27,"47","quantile",0.95,127.517025250563
2024-04-20,2,"wk inc flu hosp",2024-05-04,"47","quantile",0.95,132.892307872827
2024-04-20,3,"wk inc flu hosp",2024-05-11,"47","quantile",0.95,135.062086757623
2024-04-20,-1,"wk inc flu hosp",2024-04-13,"47","quantile",0.975,132.509237236396
2024-04-20,0,"wk inc flu hosp",2024-04-20,"47","quantile",0.975,132.328738832748
2024-04-20,1,"wk inc flu hosp",2024-04-27,"47","quantile",0.975,151.005979938305
2024-04-20,2,"wk inc flu hosp",2024-05-04,"47","quantile",0.975,165.460303050956
2024-04-20,3,"wk inc flu hosp",2024-05-11,"47","quantile",0.975,170.584524174995
2024-04-20,-1,"wk inc flu hosp",2024-04-13,"47","quantile",0.99,154.082277715723
2024-04-20,0,"wk inc flu hosp",2024-04-20,"47","quantile",0.99,153.725639191009
2024-04-20,1,"wk inc flu hosp",2024-04-27,"47","quantile",0.99,186.984521890009
2024-04-20,2,"wk inc flu hosp",2024-05-04,"47","quantile",0.99,213.259533004162
2024-04-20,3,"wk inc flu hosp",2024-05-11,"47","quantile",0.99,223.975677937861
2024-04-20,-1,"wk inc flu hosp",2024-04-13,"48","quantile",0.01,81.0396956519872
2024-04-20,0,"wk inc flu hosp",2024-04-20,"48","quantile",0.01,77.3427513978139
2024-04-20,1,"wk inc flu hosp",2024-04-27,"48","quantile",0.01,49.2807598478737
2024-04-20,2,"wk inc flu hosp",2024-05-04,"48","quantile",0.01,37.9387191648892
2024-04-20,3,"wk inc flu hosp",2024-05-11,"48","quantile",0.01,33.7060950098964
2024-04-20,-1,"wk inc flu hosp",2024-04-13,"48","quantile",0.025,96.6148511029228
2024-04-20,0,"wk inc flu hosp",2024-04-20,"48","quantile",0.025,90.4293458650493
2024-04-20,1,"wk inc flu hosp",2024-04-27,"48","quantile",0.025,60.4690460874351
2024-04-20,2,"wk inc flu hosp",2024-05-04,"48","quantile",0.025,48.4618814800583
2024-04-20,3,"wk inc flu hosp",2024-05-11,"48","quantile",0.025,43.0244185499296
2024-04-20,-1,"wk inc flu hosp",2024-04-13,"48","quantile",0.05,110.771452870356
2024-04-20,0,"wk inc flu hosp",2024-04-20,"48","quantile",0.05,104.725566958007
2024-04-20,1,"wk inc flu hosp",2024-04-27,"48","quantile",0.05,72.5299199966697
2024-04-20,2,"wk inc flu hosp",2024-05-04,"48","quantile",0.05,59.0025105624396
2024-04-20,3,"wk inc flu hosp",2024-05-11,"48","quantile",0.05,52.8383859075656
2024-04-20,-1,"wk inc flu hosp",2024-04-13,"48","quantile",0.1,130.844996862091
2024-04-20,0,"wk inc flu hosp",2024-04-20,"48","quantile",0.1,123.588352451467
2024-04-20,1,"wk inc flu hosp",2024-04-27,"48","quantile",0.1,90.2262659480967
2024-04-20,2,"wk inc flu hosp",2024-05-04,"48","quantile",0.1,74.6846265945932
2024-04-20,3,"wk inc flu hosp",2024-05-11,"48","quantile",0.1,67.5766280419733
2024-04-20,-1,"wk inc flu hosp",2024-04-13,"48","quantile",0.15,146.11561709181
2024-04-20,0,"wk inc flu hosp",2024-04-20,"48","quantile",0.15,138.18171458333
2024-04-20,1,"wk inc flu hosp",2024-04-27,"48","quantile",0.15,104.230433783559
2024-04-20,2,"wk inc flu hosp",2024-05-04,"48","quantile",0.15,87.6707384147737
2024-04-20,3,"wk inc flu hosp",2024-05-11,"48","quantile",0.15,79.6311058425133
2024-04-20,-1,"wk inc flu hosp",2024-04-13,"48","quantile",0.2,159.485144907854
2024-04-20,0,"wk inc flu hosp",2024-04-20,"48","quantile",0.2,151.255992752441
2024-04-20,1,"wk inc flu hosp",2024-04-27,"48","quantile",0.2,117.077776172798
2024-04-20,2,"wk inc flu hosp",2024-05-04,"48","quantile",0.2,99.4922280727463
2024-04-20,3,"wk inc flu hosp",2024-05-11,"48","quantile",0.2,90.7882730735363
2024-04-20,-1,"wk inc flu hosp",2024-04-13,"48","quantile",0.25,171.740137784801
2024-04-20,0,"wk inc flu hosp",2024-04-20,"48","quantile",0.25,163.294302778985
2024-04-20,1,"wk inc flu hosp",2024-04-27,"48","quantile",0.25,129.401836889854
2024-04-20,2,"wk inc flu hosp",2024-05-04,"48","quantile",0.25,111.310268859868
2024-04-20,3,"wk inc flu hosp",2024-05-11,"48","quantile",0.25,101.892691844577
2024-04-20,-1,"wk inc flu hosp",2024-04-13,"48","quantile",0.3,183.848415869957
2024-04-20,0,"wk inc flu hosp",2024-04-20,"48","quantile",0.3,174.86111683213
2024-04-20,1,"wk inc flu hosp",2024-04-27,"48","quantile",0.3,141.550470271314
2024-04-20,2,"wk inc flu hosp",2024-05-04,"48","quantile",0.3,123.010691635004
2024-04-20,3,"wk inc flu hosp",2024-05-11,"48","quantile",0.3,113.063498518008
2024-04-20,-1,"wk inc flu hosp",2024-04-13,"48","quantile",0.35,195.864320563744
2024-04-20,0,"wk inc flu hosp",2024-04-20,"48","quantile",0.35,186.435393263635
2024-04-20,1,"wk inc flu hosp",2024-04-27,"48","quantile",0.35,153.449428480029
2024-04-20,2,"wk inc flu hosp",2024-05-04,"48","quantile",0.35,135.078734943497
2024-04-20,3,"wk inc flu hosp",2024-05-11,"48","quantile",0.35,124.35654619304
2024-04-20,-1,"wk inc flu hosp",2024-04-13,"48","quantile",0.4,208.105589117352
2024-04-20,0,"wk inc flu hosp",2024-04-20,"48","quantile",0.4,198.10519432533
2024-04-20,1,"wk inc flu hosp",2024-04-27,"48","quantile",0.4,166.453040393385
2024-04-20,2,"wk inc flu hosp",2024-05-04,"48","quantile",0.4,147.492624210021
2024-04-20,3,"wk inc flu hosp",2024-05-11,"48","quantile",0.4,136.781162335503
2024-04-20,-1,"wk inc flu hosp",2024-04-13,"48","quantile",0.45,220.425999720091
2024-04-20,0,"wk inc flu hosp",2024-04-20,"48","quantile",0.45,209.886131402799
2024-04-20,1,"wk inc flu hosp",2024-04-27,"48","quantile",0.45,180.098799602299
2024-04-20,2,"wk inc flu hosp",2024-05-04,"48","quantile",0.45,161.481298978637
2024-04-20,3,"wk inc flu hosp",2024-05-11,"48","quantile",0.45,149.842161101664
2024-04-20,-1,"wk inc flu hosp",2024-04-13,"48","quantile",0.5,233.154342903227
2024-04-20,0,"wk inc flu hosp",2024-04-20,"48","quantile",0.5,222.3201960232
2024-04-20,1,"wk inc flu hosp",2024-04-27,"48","quantile",0.5,194.834514294891
2024-04-20,2,"wk inc flu hosp",2024-05-04,"48","quantile",0.5,176.160081826166
2024-04-20,3,"wk inc flu hosp",2024-05-11,"48","quantile",0.5,164.207954642591
2024-04-20,-1,"wk inc flu hosp",2024-04-13,"48","quantile",0.55,246.566582122705
2024-04-20,0,"wk inc flu hosp",2024-04-20,"48","quantile",0.55,236.060886095893
2024-04-20,1,"wk inc flu hosp",2024-04-27,"48","quantile",0.55,210.29533811356
2024-04-20,2,"wk inc flu hosp",2024-05-04,"48","quantile",0.55,192.025322755775
2024-04-20,3,"wk inc flu hosp",2024-05-11,"48","quantile",0.55,180.61615777122
2024-04-20,-1,"wk inc flu hosp",2024-04-13,"48","quantile",0.6,261.163524976157
2024-04-20,0,"wk inc flu hosp",2024-04-20,"48","quantile",0.6,250.365003587378
2024-04-20,1,"wk inc flu hosp",2024-04-27,"48","quantile",0.6,227.015200986917
2024-04-20,2,"wk inc flu hosp",2024-05-04,"48","quantile",0.6,209.51208256814
2024-04-20,3,"wk inc flu hosp",2024-05-11,"48","quantile",0.6,198.445897666336
2024-04-20,-1,"wk inc flu hosp",2024-04-13,"48","quantile",0.65,277.176205022163
2024-04-20,0,"wk inc flu hosp",2024-04-20,"48","quantile",0.65,266.218978771144
2024-04-20,1,"wk inc flu hosp",2024-04-27,"48","quantile",0.65,246.477224237231
2024-04-20,2,"wk inc flu hosp",2024-05-04,"48","quantile",0.65,229.84572073958
2024-04-20,3,"wk inc flu hosp",2024-05-11,"48","quantile",0.65,218.46440775249
2024-04-20,-1,"wk inc flu hosp",2024-04-13,"48","quantile",0.7,296.034810429197
2024-04-20,0,"wk inc flu hosp",2024-04-20,"48","quantile",0.7,283.96204236261
2024-04-20,1,"wk inc flu hosp",2024-04-27,"48","quantile",0.7,267.618267372127
2024-04-20,2,"wk inc flu hosp",2024-05-04,"48","quantile",0.7,252.691550039849
2024-04-20,3,"wk inc flu hosp",2024-05-11,"48","quantile",0.7,242.431522766834
2024-04-20,-1,"wk inc flu hosp",2024-04-13,"48","quantile",0.75,317.046876518292
2024-04-20,0,"wk inc flu hosp",2024-04-20,"48","quantile",0.75,303.268665681347
2024-04-20,1,"wk inc flu hosp",2024-04-27,"48","quantile",0.75,293.828589427077
2024-04-20,2,"wk inc flu hosp",2024-05-04,"48","quantile",0.75,280.618474635436
2024-04-20,3,"wk inc flu hosp",2024-05-11,"48","quantile",0.75,272.518928424905
2024-04-20,-1,"wk inc flu hosp",2024-04-13,"48","quantile",0.8,342.042984432572
2024-04-20,0,"wk inc flu hosp",2024-04-20,"48","quantile",0.8,327.418678455372
2024-04-20,1,"wk inc flu hosp",2024-04-27,"48","quantile",0.8,325.72755160807
2024-04-20,2,"wk inc flu hosp",2024-05-04,"48","quantile",0.8,316.299298389696
2024-04-20,3,"wk inc flu hosp",2024-05-11,"48","quantile",0.8,308.732979945207
2024-04-20,-1,"wk inc flu hosp",2024-04-13,"48","quantile",0.85,373.335743274753
2024-04-20,0,"wk inc flu hosp",2024-04-20,"48","quantile",0.85,358.402138374955
2024-04-20,1,"wk inc flu hosp",2024-04-27,"48","quantile",0.85,368.515392882528
2024-04-20,2,"wk inc flu hosp",2024-05-04,"48","quantile",0.85,365.322866621522
2024-04-20,3,"wk inc flu hosp",2024-05-11,"48","quantile",0.85,359.57559576644
2024-04-20,-1,"wk inc flu hosp",2024-04-13,"48","quantile",0.9,416.875251052339
2024-04-20,0,"wk inc flu hosp",2024-04-20,"48","quantile",0.9,400.290999310447
2024-04-20,1,"wk inc flu hosp",2024-04-27,"48","quantile",0.9,429.940003117399
2024-04-20,2,"wk inc flu hosp",2024-05-04,"48","quantile",0.9,436.074786228274
2024-04-20,3,"wk inc flu hosp",2024-05-11,"48","quantile",0.9,437.90777765191
2024-04-20,-1,"wk inc flu hosp",2024-04-13,"48","quantile",0.95,494.749412040612
2024-04-20,0,"wk inc flu hosp",2024-04-20,"48","quantile",0.95,471.449199333361
2024-04-20,1,"wk inc flu hosp",2024-04-27,"48","quantile",0.95,539.294820830389
2024-04-20,2,"wk inc flu hosp",2024-05-04,"48","quantile",0.95,573.088606503805
2024-04-20,3,"wk inc flu hosp",2024-05-11,"48","quantile",0.95,588.821698508925
2024-04-20,-1,"wk inc flu hosp",2024-04-13,"48","quantile",0.975,573.88089328878
2024-04-20,0,"wk inc flu hosp",2024-04-20,"48","quantile",0.975,544.6695151587
2024-04-20,1,"wk inc flu hosp",2024-04-27,"48","quantile",0.975,661.249943153178
2024-04-20,2,"wk inc flu hosp",2024-05-04,"48","quantile",0.975,723.506222819294
2024-04-20,3,"wk inc flu hosp",2024-05-11,"48","quantile",0.975,767.316747533083
2024-04-20,-1,"wk inc flu hosp",2024-04-13,"48","quantile",0.99,682.873110954394
2024-04-20,0,"wk inc flu hosp",2024-04-20,"48","quantile",0.99,647.701737232335
2024-04-20,1,"wk inc flu hosp",2024-04-27,"48","quantile",0.99,838.899462665079
2024-04-20,2,"wk inc flu hosp",2024-05-04,"48","quantile",0.99,961.783463524326
2024-04-20,3,"wk inc flu hosp",2024-05-11,"48","quantile",0.99,1038.51735645653
2024-04-20,-1,"wk inc flu hosp",2024-04-13,"49","quantile",0.01,0
2024-04-20,0,"wk inc flu hosp",2024-04-20,"49","quantile",0.01,0
2024-04-20,1,"wk inc flu hosp",2024-04-27,"49","quantile",0.01,0
2024-04-20,2,"wk inc flu hosp",2024-05-04,"49","quantile",0.01,0
2024-04-20,3,"wk inc flu hosp",2024-05-11,"49","quantile",0.01,0
2024-04-20,-1,"wk inc flu hosp",2024-04-13,"49","quantile",0.025,0
2024-04-20,0,"wk inc flu hosp",2024-04-20,"49","quantile",0.025,0
2024-04-20,1,"wk inc flu hosp",2024-04-27,"49","quantile",0.025,0
2024-04-20,2,"wk inc flu hosp",2024-05-04,"49","quantile",0.025,0
2024-04-20,3,"wk inc flu hosp",2024-05-11,"49","quantile",0.025,0
2024-04-20,-1,"wk inc flu hosp",2024-04-13,"49","quantile",0.05,0
2024-04-20,0,"wk inc flu hosp",2024-04-20,"49","quantile",0.05,0
2024-04-20,1,"wk inc flu hosp",2024-04-27,"49","quantile",0.05,0
2024-04-20,2,"wk inc flu hosp",2024-05-04,"49","quantile",0.05,0
2024-04-20,3,"wk inc flu hosp",2024-05-11,"49","quantile",0.05,0
2024-04-20,-1,"wk inc flu hosp",2024-04-13,"49","quantile",0.1,0.104590312593712
2024-04-20,0,"wk inc flu hosp",2024-04-20,"49","quantile",0.1,0.110315449273841
2024-04-20,1,"wk inc flu hosp",2024-04-27,"49","quantile",0.1,0.0146047297183818
2024-04-20,2,"wk inc flu hosp",2024-05-04,"49","quantile",0.1,0
2024-04-20,3,"wk inc flu hosp",2024-05-11,"49","quantile",0.1,0
2024-04-20,-1,"wk inc flu hosp",2024-04-13,"49","quantile",0.15,0.287718199079976
2024-04-20,0,"wk inc flu hosp",2024-04-20,"49","quantile",0.15,0.287501764717444
2024-04-20,1,"wk inc flu hosp",2024-04-27,"49","quantile",0.15,0.221457272478963
2024-04-20,2,"wk inc flu hosp",2024-05-04,"49","quantile",0.15,0.220521737184046
2024-04-20,3,"wk inc flu hosp",2024-05-11,"49","quantile",0.15,0.229079643286692
2024-04-20,-1,"wk inc flu hosp",2024-04-13,"49","quantile",0.2,0.447150732960391
2024-04-20,0,"wk inc flu hosp",2024-04-20,"49","quantile",0.2,0.447178241488219
2024-04-20,1,"wk inc flu hosp",2024-04-27,"49","quantile",0.2,0.420827810572519
2024-04-20,2,"wk inc flu hosp",2024-05-04,"49","quantile",0.2,0.445262872782417
2024-04-20,3,"wk inc flu hosp",2024-05-11,"49","quantile",0.2,0.480035845504256
2024-04-20,-1,"wk inc flu hosp",2024-04-13,"49","quantile",0.25,0.599274292183305
2024-04-20,0,"wk inc flu hosp",2024-04-20,"49","quantile",0.25,0.596853439213281
2024-04-20,1,"wk inc flu hosp",2024-04-27,"49","quantile",0.25,0.617885218072452
2024-04-20,2,"wk inc flu hosp",2024-05-04,"49","quantile",0.25,0.667124573919246
2024-04-20,3,"wk inc flu hosp",2024-05-11,"49","quantile",0.25,0.719900744317698
2024-04-20,-1,"wk inc flu hosp",2024-04-13,"49","quantile",0.3,0.748398203159206
2024-04-20,0,"wk inc flu hosp",2024-04-20,"49","quantile",0.3,0.744805874418517
2024-04-20,1,"wk inc flu hosp",2024-04-27,"49","quantile",0.3,0.816491537929273
2024-04-20,2,"wk inc flu hosp",2024-05-04,"49","quantile",0.3,0.905456984683915
2024-04-20,3,"wk inc flu hosp",2024-05-11,"49","quantile",0.3,0.97906252342905
2024-04-20,-1,"wk inc flu hosp",2024-04-13,"49","quantile",0.35,0.902695117934043
2024-04-20,0,"wk inc flu hosp",2024-04-20,"49","quantile",0.35,0.896210660677111
2024-04-20,1,"wk inc flu hosp",2024-04-27,"49","quantile",0.35,1.02421518732817
2024-04-20,2,"wk inc flu hosp",2024-05-04,"49","quantile",0.35,1.14983213063223
2024-04-20,3,"wk inc flu hosp",2024-05-11,"49","quantile",0.35,1.2512484036357
2024-04-20,-1,"wk inc flu hosp",2024-04-13,"49","quantile",0.4,1.05680130023085
2024-04-20,0,"wk inc flu hosp",2024-04-20,"49","quantile",0.4,1.04753959972889
2024-04-20,1,"wk inc flu hosp",2024-04-27,"49","quantile",0.4,1.24693936942521
2024-04-20,2,"wk inc flu hosp",2024-05-04,"49","quantile",0.4,1.40687814525253
2024-04-20,3,"wk inc flu hosp",2024-05-11,"49","quantile",0.4,1.54498962188927
2024-04-20,-1,"wk inc flu hosp",2024-04-13,"49","quantile",0.45,1.21610487514089
2024-04-20,0,"wk inc flu hosp",2024-04-20,"49","quantile",0.45,1.20919705950764
2024-04-20,1,"wk inc flu hosp",2024-04-27,"49","quantile",0.45,1.47330568386682
2024-04-20,2,"wk inc flu hosp",2024-05-04,"49","quantile",0.45,1.69373869015261
2024-04-20,3,"wk inc flu hosp",2024-05-11,"49","quantile",0.45,1.86988622992847
2024-04-20,-1,"wk inc flu hosp",2024-04-13,"49","quantile",0.5,1.38682333085709
2024-04-20,0,"wk inc flu hosp",2024-04-20,"49","quantile",0.5,1.37855021571556
2024-04-20,1,"wk inc flu hosp",2024-04-27,"49","quantile",0.5,1.72615332410972
2024-04-20,2,"wk inc flu hosp",2024-05-04,"49","quantile",0.5,2.0131697619628
2024-04-20,3,"wk inc flu hosp",2024-05-11,"49","quantile",0.5,2.22830103220728
2024-04-20,-1,"wk inc flu hosp",2024-04-13,"49","quantile",0.55,1.57366074237076
2024-04-20,0,"wk inc flu hosp",2024-04-20,"49","quantile",0.55,1.56213282675532
2024-04-20,1,"wk inc flu hosp",2024-04-27,"49","quantile",0.55,1.99636477732455
2024-04-20,2,"wk inc flu hosp",2024-05-04,"49","quantile",0.55,2.36734741752896
2024-04-20,3,"wk inc flu hosp",2024-05-11,"49","quantile",0.55,2.63236615566557
2024-04-20,-1,"wk inc flu hosp",2024-04-13,"49","quantile",0.6,1.78061706447094
2024-04-20,0,"wk inc flu hosp",2024-04-20,"49","quantile",0.6,1.7589118317818
2024-04-20,1,"wk inc flu hosp",2024-04-27,"49","quantile",0.6,2.31377156524785
2024-04-20,2,"wk inc flu hosp",2024-05-04,"49","quantile",0.6,2.77623897219511
2024-04-20,3,"wk inc flu hosp",2024-05-11,"49","quantile",0.6,3.1108920811073
2024-04-20,-1,"wk inc flu hosp",2024-04-13,"49","quantile",0.65,2.00595702791425
2024-04-20,0,"wk inc flu hosp",2024-04-20,"49","quantile",0.65,1.99163959334959
2024-04-20,1,"wk inc flu hosp",2024-04-27,"49","quantile",0.65,2.67597257915649
2024-04-20,2,"wk inc flu hosp",2024-05-04,"49","quantile",0.65,3.24638427947045
2024-04-20,3,"wk inc flu hosp",2024-05-11,"49","quantile",0.65,3.67609461090834
2024-04-20,-1,"wk inc flu hosp",2024-04-13,"49","quantile",0.7,2.26290249059028
2024-04-20,0,"wk inc flu hosp",2024-04-20,"49","quantile",0.7,2.25885768733852
2024-04-20,1,"wk inc flu hosp",2024-04-27,"49","quantile",0.7,3.07925098088276
2024-04-20,2,"wk inc flu hosp",2024-05-04,"49","quantile",0.7,3.78985434615541
2024-04-20,3,"wk inc flu hosp",2024-05-11,"49","quantile",0.7,4.32853896720037
2024-04-20,-1,"wk inc flu hosp",2024-04-13,"49","quantile",0.75,2.57202443262185
2024-04-20,0,"wk inc flu hosp",2024-04-20,"49","quantile",0.75,2.56513554982245
2024-04-20,1,"wk inc flu hosp",2024-04-27,"49","quantile",0.75,3.58164782683533
2024-04-20,2,"wk inc flu hosp",2024-05-04,"49","quantile",0.75,4.44971334098167
2024-04-20,3,"wk inc flu hosp",2024-05-11,"49","quantile",0.75,5.14353608924125
2024-04-20,-1,"wk inc flu hosp",2024-04-13,"49","quantile",0.8,2.94047297536319
2024-04-20,0,"wk inc flu hosp",2024-04-20,"49","quantile",0.8,2.94373619676076
2024-04-20,1,"wk inc flu hosp",2024-04-27,"49","quantile",0.8,4.20605759084575
2024-04-20,2,"wk inc flu hosp",2024-05-04,"49","quantile",0.8,5.30416222407598
2024-04-20,3,"wk inc flu hosp",2024-05-11,"49","quantile",0.8,6.22293989941742
2024-04-20,-1,"wk inc flu hosp",2024-04-13,"49","quantile",0.85,3.42549256252973
2024-04-20,0,"wk inc flu hosp",2024-04-20,"49","quantile",0.85,3.43973642544393
2024-04-20,1,"wk inc flu hosp",2024-04-27,"49","quantile",0.85,5.10052959052353
2024-04-20,2,"wk inc flu hosp",2024-05-04,"49","quantile",0.85,6.52137433263183
2024-04-20,3,"wk inc flu hosp",2024-05-11,"49","quantile",0.85,7.79090590617531
2024-04-20,-1,"wk inc flu hosp",2024-04-13,"49","quantile",0.9,4.15424183794216
2024-04-20,0,"wk inc flu hosp",2024-04-20,"49","quantile",0.9,4.14631957032213
2024-04-20,1,"wk inc flu hosp",2024-04-27,"49","quantile",0.9,6.40907276271946
2024-04-20,2,"wk inc flu hosp",2024-05-04,"49","quantile",0.9,8.34399857240972
2024-04-20,3,"wk inc flu hosp",2024-05-11,"49","quantile",0.9,10.2484066238102
2024-04-20,-1,"wk inc flu hosp",2024-04-13,"49","quantile",0.95,5.41377900243096
2024-04-20,0,"wk inc flu hosp",2024-04-20,"49","quantile",0.95,5.456461490118
2024-04-20,1,"wk inc flu hosp",2024-04-27,"49","quantile",0.95,8.90425164684881
2024-04-20,2,"wk inc flu hosp",2024-05-04,"49","quantile",0.95,12.0678921749406
2024-04-20,3,"wk inc flu hosp",2024-05-11,"49","quantile",0.95,15.3009414657256
2024-04-20,-1,"wk inc flu hosp",2024-04-13,"49","quantile",0.975,6.76021126739636
2024-04-20,0,"wk inc flu hosp",2024-04-20,"49","quantile",0.975,6.8319509710205
2024-04-20,1,"wk inc flu hosp",2024-04-27,"49","quantile",0.975,11.9448016782987
2024-04-20,2,"wk inc flu hosp",2024-05-04,"49","quantile",0.975,16.5952675960333
2024-04-20,3,"wk inc flu hosp",2024-05-11,"49","quantile",0.975,21.7647753863779
2024-04-20,-1,"wk inc flu hosp",2024-04-13,"49","quantile",0.99,8.57320411229149
2024-04-20,0,"wk inc flu hosp",2024-04-20,"49","quantile",0.99,8.81563229173548
2024-04-20,1,"wk inc flu hosp",2024-04-27,"49","quantile",0.99,16.3420563643575
2024-04-20,2,"wk inc flu hosp",2024-05-04,"49","quantile",0.99,24.0195881053852
2024-04-20,3,"wk inc flu hosp",2024-05-11,"49","quantile",0.99,32.0634267836567
2024-04-20,-1,"wk inc flu hosp",2024-04-13,"50","quantile",0.01,2.24631234208513
2024-04-20,0,"wk inc flu hosp",2024-04-20,"50","quantile",0.01,2.24284753868646
2024-04-20,1,"wk inc flu hosp",2024-04-27,"50","quantile",0.01,0.678428443789234
2024-04-20,2,"wk inc flu hosp",2024-05-04,"50","quantile",0.01,0
2024-04-20,3,"wk inc flu hosp",2024-05-11,"50","quantile",0.01,0
2024-04-20,-1,"wk inc flu hosp",2024-04-13,"50","quantile",0.025,3.06030754086841
2024-04-20,0,"wk inc flu hosp",2024-04-20,"50","quantile",0.025,3.08095300166496
2024-04-20,1,"wk inc flu hosp",2024-04-27,"50","quantile",0.025,1.24980928534017
2024-04-20,2,"wk inc flu hosp",2024-05-04,"50","quantile",0.025,0.41751849162185
2024-04-20,3,"wk inc flu hosp",2024-05-11,"50","quantile",0.025,0.0542149215076322
2024-04-20,-1,"wk inc flu hosp",2024-04-13,"50","quantile",0.05,3.96446444406248
2024-04-20,0,"wk inc flu hosp",2024-04-20,"50","quantile",0.05,3.92048579494096
2024-04-20,1,"wk inc flu hosp",2024-04-27,"50","quantile",0.05,1.88171648452329
2024-04-20,2,"wk inc flu hosp",2024-05-04,"50","quantile",0.05,0.939064563863951
2024-04-20,3,"wk inc flu hosp",2024-05-11,"50","quantile",0.05,0.455086242173088
2024-04-20,-1,"wk inc flu hosp",2024-04-13,"50","quantile",0.1,5.20288739644205
2024-04-20,0,"wk inc flu hosp",2024-04-20,"50","quantile",0.1,5.16885767211811
2024-04-20,1,"wk inc flu hosp",2024-04-27,"50","quantile",0.1,2.87866023292804
2024-04-20,2,"wk inc flu hosp",2024-05-04,"50","quantile",0.1,1.74306857507239
2024-04-20,3,"wk inc flu hosp",2024-05-11,"50","quantile",0.1,1.09644990796916
2024-04-20,-1,"wk inc flu hosp",2024-04-13,"50","quantile",0.15,6.20808714084913
2024-04-20,0,"wk inc flu hosp",2024-04-20,"50","quantile",0.15,6.17943531723002
2024-04-20,1,"wk inc flu hosp",2024-04-27,"50","quantile",0.15,3.72022138088454
2024-04-20,2,"wk inc flu hosp",2024-05-04,"50","quantile",0.15,2.46452309269913
2024-04-20,3,"wk inc flu hosp",2024-05-11,"50","quantile",0.15,1.69272366356444
2024-04-20,-1,"wk inc flu hosp",2024-04-13,"50","quantile",0.2,7.09735891181302
2024-04-20,0,"wk inc flu hosp",2024-04-20,"50","quantile",0.2,7.09438447203551
2024-04-20,1,"wk inc flu hosp",2024-04-27,"50","quantile",0.2,4.51282051526022
2024-04-20,2,"wk inc flu hosp",2024-05-04,"50","quantile",0.2,3.14068119302323
2024-04-20,3,"wk inc flu hosp",2024-05-11,"50","quantile",0.2,2.28051538259061
2024-04-20,-1,"wk inc flu hosp",2024-04-13,"50","quantile",0.25,7.9686981688799
2024-04-20,0,"wk inc flu hosp",2024-04-20,"50","quantile",0.25,7.97289145656469
2024-04-20,1,"wk inc flu hosp",2024-04-27,"50","quantile",0.25,5.31698145326663
2024-04-20,2,"wk inc flu hosp",2024-05-04,"50","quantile",0.25,3.86950759611307
2024-04-20,3,"wk inc flu hosp",2024-05-11,"50","quantile",0.25,2.90423258390536
2024-04-20,-1,"wk inc flu hosp",2024-04-13,"50","quantile",0.3,8.83835966404448
2024-04-20,0,"wk inc flu hosp",2024-04-20,"50","quantile",0.3,8.8386839694499
2024-04-20,1,"wk inc flu hosp",2024-04-27,"50","quantile",0.3,6.14429563677974
2024-04-20,2,"wk inc flu hosp",2024-05-04,"50","quantile",0.3,4.59512592823176
2024-04-20,3,"wk inc flu hosp",2024-05-11,"50","quantile",0.3,3.57464467227432
2024-04-20,-1,"wk inc flu hosp",2024-04-13,"50","quantile",0.35,9.66947165469712
2024-04-20,0,"wk inc flu hosp",2024-04-20,"50","quantile",0.35,9.68353168419901
2024-04-20,1,"wk inc flu hosp",2024-04-27,"50","quantile",0.35,6.99676359882445
2024-04-20,2,"wk inc flu hosp",2024-05-04,"50","quantile",0.35,5.38258887109903
2024-04-20,3,"wk inc flu hosp",2024-05-11,"50","quantile",0.35,4.30469663746653
2024-04-20,-1,"wk inc flu hosp",2024-04-13,"50","quantile",0.4,10.527483452947
2024-04-20,0,"wk inc flu hosp",2024-04-20,"50","quantile",0.4,10.5723890446967
2024-04-20,1,"wk inc flu hosp",2024-04-27,"50","quantile",0.4,7.88487963642508
2024-04-20,2,"wk inc flu hosp",2024-05-04,"50","quantile",0.4,6.23440157578132
2024-04-20,3,"wk inc flu hosp",2024-05-11,"50","quantile",0.4,5.0780483418846
2024-04-20,-1,"wk inc flu hosp",2024-04-13,"50","quantile",0.45,11.489907518111
2024-04-20,0,"wk inc flu hosp",2024-04-20,"50","quantile",0.45,11.4846406738076
2024-04-20,1,"wk inc flu hosp",2024-04-27,"50","quantile",0.45,8.85024690575604
2024-04-20,2,"wk inc flu hosp",2024-05-04,"50","quantile",0.45,7.15550872943654
2024-04-20,3,"wk inc flu hosp",2024-05-11,"50","quantile",0.45,5.9295287518986
2024-04-20,-1,"wk inc flu hosp",2024-04-13,"50","quantile",0.5,12.4881771171971
2024-04-20,0,"wk inc flu hosp",2024-04-20,"50","quantile",0.5,12.4567678091995
2024-04-20,1,"wk inc flu hosp",2024-04-27,"50","quantile",0.5,9.95803804487663
2024-04-20,2,"wk inc flu hosp",2024-05-04,"50","quantile",0.5,8.17477729049294
2024-04-20,3,"wk inc flu hosp",2024-05-11,"50","quantile",0.5,6.93079257257218
2024-04-20,-1,"wk inc flu hosp",2024-04-13,"50","quantile",0.55,13.5476496990405
2024-04-20,0,"wk inc flu hosp",2024-04-20,"50","quantile",0.55,13.4773985387755
2024-04-20,1,"wk inc flu hosp",2024-04-27,"50","quantile",0.55,11.1132450742974
2024-04-20,2,"wk inc flu hosp",2024-05-04,"50","quantile",0.55,9.36814861880933
2024-04-20,3,"wk inc flu hosp",2024-05-11,"50","quantile",0.55,8.05400951384066
2024-04-20,-1,"wk inc flu hosp",2024-04-13,"50","quantile",0.6,14.7286755183473
2024-04-20,0,"wk inc flu hosp",2024-04-20,"50","quantile",0.6,14.6313965198909
2024-04-20,1,"wk inc flu hosp",2024-04-27,"50","quantile",0.6,12.493678884669
2024-04-20,2,"wk inc flu hosp",2024-05-04,"50","quantile",0.6,10.7298426484001
2024-04-20,3,"wk inc flu hosp",2024-05-11,"50","quantile",0.6,9.33265374776877
2024-04-20,-1,"wk inc flu hosp",2024-04-13,"50","quantile",0.65,16.044991222106
2024-04-20,0,"wk inc flu hosp",2024-04-20,"50","quantile",0.65,15.9297263247343
2024-04-20,1,"wk inc flu hosp",2024-04-27,"50","quantile",0.65,14.0537115185582
2024-04-20,2,"wk inc flu hosp",2024-05-04,"50","quantile",0.65,12.3553413396981
2024-04-20,3,"wk inc flu hosp",2024-05-11,"50","quantile",0.65,10.8917065238023
2024-04-20,-1,"wk inc flu hosp",2024-04-13,"50","quantile",0.7,17.5555693944497
2024-04-20,0,"wk inc flu hosp",2024-04-20,"50","quantile",0.7,17.4585561873721
2024-04-20,1,"wk inc flu hosp",2024-04-27,"50","quantile",0.7,15.8414252615474
2024-04-20,2,"wk inc flu hosp",2024-05-04,"50","quantile",0.7,14.2707683204359
2024-04-20,3,"wk inc flu hosp",2024-05-11,"50","quantile",0.7,12.8291108550313
2024-04-20,-1,"wk inc flu hosp",2024-04-13,"50","quantile",0.75,19.3540013740936
2024-04-20,0,"wk inc flu hosp",2024-04-20,"50","quantile",0.75,19.2814099948418
2024-04-20,1,"wk inc flu hosp",2024-04-27,"50","quantile",0.75,18.0203377156832
2024-04-20,2,"wk inc flu hosp",2024-05-04,"50","quantile",0.75,16.6419448548591
2024-04-20,3,"wk inc flu hosp",2024-05-11,"50","quantile",0.75,15.3031132977677
2024-04-20,-1,"wk inc flu hosp",2024-04-13,"50","quantile",0.8,21.579827567722
2024-04-20,0,"wk inc flu hosp",2024-04-20,"50","quantile",0.8,21.4771051327116
2024-04-20,1,"wk inc flu hosp",2024-04-27,"50","quantile",0.8,20.8754438495715
2024-04-20,2,"wk inc flu hosp",2024-05-04,"50","quantile",0.8,19.8310818005795
2024-04-20,3,"wk inc flu hosp",2024-05-11,"50","quantile",0.8,18.7293411525999
2024-04-20,-1,"wk inc flu hosp",2024-04-13,"50","quantile",0.85,24.4403718900685
2024-04-20,0,"wk inc flu hosp",2024-04-20,"50","quantile",0.85,24.3377350710626
2024-04-20,1,"wk inc flu hosp",2024-04-27,"50","quantile",0.85,24.6636227858413
2024-04-20,2,"wk inc flu hosp",2024-05-04,"50","quantile",0.85,24.304612960756
2024-04-20,3,"wk inc flu hosp",2024-05-11,"50","quantile",0.85,23.6358622571438
2024-04-20,-1,"wk inc flu hosp",2024-04-13,"50","quantile",0.9,28.5882591350582
2024-04-20,0,"wk inc flu hosp",2024-04-20,"50","quantile",0.9,28.332291176111
2024-04-20,1,"wk inc flu hosp",2024-04-27,"50","quantile",0.9,30.6962773431271
2024-04-20,2,"wk inc flu hosp",2024-05-04,"50","quantile",0.9,31.756584910027
2024-04-20,3,"wk inc flu hosp",2024-05-11,"50","quantile",0.9,31.5158517885525
2024-04-20,-1,"wk inc flu hosp",2024-04-13,"50","quantile",0.95,36.2123357304159
2024-04-20,0,"wk inc flu hosp",2024-04-20,"50","quantile",0.95,35.6404596649568
2024-04-20,1,"wk inc flu hosp",2024-04-27,"50","quantile",0.95,42.3196924094575
2024-04-20,2,"wk inc flu hosp",2024-05-04,"50","quantile",0.95,45.9727530659876
2024-04-20,3,"wk inc flu hosp",2024-05-11,"50","quantile",0.95,48.8600510955428
2024-04-20,-1,"wk inc flu hosp",2024-04-13,"50","quantile",0.975,44.1192973107869
2024-04-20,0,"wk inc flu hosp",2024-04-20,"50","quantile",0.975,43.6204659593139
2024-04-20,1,"wk inc flu hosp",2024-04-27,"50","quantile",0.975,56.8781955591485
2024-04-20,2,"wk inc flu hosp",2024-05-04,"50","quantile",0.975,65.8732875523797
2024-04-20,3,"wk inc flu hosp",2024-05-11,"50","quantile",0.975,72.1983047609049
2024-04-20,-1,"wk inc flu hosp",2024-04-13,"50","quantile",0.99,56.4613320521888
2024-04-20,0,"wk inc flu hosp",2024-04-20,"50","quantile",0.99,54.304758418739
2024-04-20,1,"wk inc flu hosp",2024-04-27,"50","quantile",0.99,78.7909474837179
2024-04-20,2,"wk inc flu hosp",2024-05-04,"50","quantile",0.99,99.7949766079749
2024-04-20,3,"wk inc flu hosp",2024-05-11,"50","quantile",0.99,119.156753370391
2024-04-20,-1,"wk inc flu hosp",2024-04-13,"51","quantile",0.01,27.5236716139404
2024-04-20,0,"wk inc flu hosp",2024-04-20,"51","quantile",0.01,27.1528402548059
2024-04-20,1,"wk inc flu hosp",2024-04-27,"51","quantile",0.01,16.2584034569399
2024-04-20,2,"wk inc flu hosp",2024-05-04,"51","quantile",0.01,12.4439433517754
2024-04-20,3,"wk inc flu hosp",2024-05-11,"51","quantile",0.01,10.7865627125795
2024-04-20,-1,"wk inc flu hosp",2024-04-13,"51","quantile",0.025,32.36926023666
2024-04-20,0,"wk inc flu hosp",2024-04-20,"51","quantile",0.025,31.8825242990309
2024-04-20,1,"wk inc flu hosp",2024-04-27,"51","quantile",0.025,20.0077053647048
2024-04-20,2,"wk inc flu hosp",2024-05-04,"51","quantile",0.025,15.8583013777627
2024-04-20,3,"wk inc flu hosp",2024-05-11,"51","quantile",0.025,13.6543793603127
2024-04-20,-1,"wk inc flu hosp",2024-04-13,"51","quantile",0.05,37.440489373287
2024-04-20,0,"wk inc flu hosp",2024-04-20,"51","quantile",0.05,36.759907946751
2024-04-20,1,"wk inc flu hosp",2024-04-27,"51","quantile",0.05,23.8493201089015
2024-04-20,2,"wk inc flu hosp",2024-05-04,"51","quantile",0.05,19.2049064090759
2024-04-20,3,"wk inc flu hosp",2024-05-11,"51","quantile",0.05,16.7171196449608
2024-04-20,-1,"wk inc flu hosp",2024-04-13,"51","quantile",0.1,44.2492186394199
2024-04-20,0,"wk inc flu hosp",2024-04-20,"51","quantile",0.1,43.2420178063627
2024-04-20,1,"wk inc flu hosp",2024-04-27,"51","quantile",0.1,29.3719508164018
2024-04-20,2,"wk inc flu hosp",2024-05-04,"51","quantile",0.1,23.9146261583628
2024-04-20,3,"wk inc flu hosp",2024-05-11,"51","quantile",0.1,21.1710828625942
2024-04-20,-1,"wk inc flu hosp",2024-04-13,"51","quantile",0.15,49.3228639387394
2024-04-20,0,"wk inc flu hosp",2024-04-20,"51","quantile",0.15,48.3788383829397
2024-04-20,1,"wk inc flu hosp",2024-04-27,"51","quantile",0.15,33.8487035716254
2024-04-20,2,"wk inc flu hosp",2024-05-04,"51","quantile",0.15,27.9379400225385
2024-04-20,3,"wk inc flu hosp",2024-05-11,"51","quantile",0.15,24.8129922474436
2024-04-20,-1,"wk inc flu hosp",2024-04-13,"51","quantile",0.2,53.8793824115612
2024-04-20,0,"wk inc flu hosp",2024-04-20,"51","quantile",0.2,52.7510211624429
2024-04-20,1,"wk inc flu hosp",2024-04-27,"51","quantile",0.2,37.9660826390932
2024-04-20,2,"wk inc flu hosp",2024-05-04,"51","quantile",0.2,31.5174592703728
2024-04-20,3,"wk inc flu hosp",2024-05-11,"51","quantile",0.2,28.184703915944
2024-04-20,-1,"wk inc flu hosp",2024-04-13,"51","quantile",0.25,57.8868162703705
2024-04-20,0,"wk inc flu hosp",2024-04-20,"51","quantile",0.25,56.5711116312876
2024-04-20,1,"wk inc flu hosp",2024-04-27,"51","quantile",0.25,41.7306675491398
2024-04-20,2,"wk inc flu hosp",2024-05-04,"51","quantile",0.25,35.0032066800511
2024-04-20,3,"wk inc flu hosp",2024-05-11,"51","quantile",0.25,31.4225957679716
2024-04-20,-1,"wk inc flu hosp",2024-04-13,"51","quantile",0.3,61.9440692331844
2024-04-20,0,"wk inc flu hosp",2024-04-20,"51","quantile",0.3,60.4772545172504
2024-04-20,1,"wk inc flu hosp",2024-04-27,"51","quantile",0.3,45.5441535620528
2024-04-20,2,"wk inc flu hosp",2024-05-04,"51","quantile",0.3,38.4903745667342
2024-04-20,3,"wk inc flu hosp",2024-05-11,"51","quantile",0.3,34.6808673500871
2024-04-20,-1,"wk inc flu hosp",2024-04-13,"51","quantile",0.35,65.7936176831724
2024-04-20,0,"wk inc flu hosp",2024-04-20,"51","quantile",0.35,64.3823448145293
2024-04-20,1,"wk inc flu hosp",2024-04-27,"51","quantile",0.35,49.52796712085
2024-04-20,2,"wk inc flu hosp",2024-05-04,"51","quantile",0.35,42.0200881321231
2024-04-20,3,"wk inc flu hosp",2024-05-11,"51","quantile",0.35,38.0374211701074
2024-04-20,-1,"wk inc flu hosp",2024-04-13,"51","quantile",0.4,69.7415041990375
2024-04-20,0,"wk inc flu hosp",2024-04-20,"51","quantile",0.4,68.3582563794424
2024-04-20,1,"wk inc flu hosp",2024-04-27,"51","quantile",0.4,53.4963859042163
2024-04-20,2,"wk inc flu hosp",2024-05-04,"51","quantile",0.4,45.7869733920933
2024-04-20,3,"wk inc flu hosp",2024-05-11,"51","quantile",0.4,41.6850709454412
2024-04-20,-1,"wk inc flu hosp",2024-04-13,"51","quantile",0.45,73.6210673436164
2024-04-20,0,"wk inc flu hosp",2024-04-20,"51","quantile",0.45,72.4056346140628
2024-04-20,1,"wk inc flu hosp",2024-04-27,"51","quantile",0.45,57.6771942861442
2024-04-20,2,"wk inc flu hosp",2024-05-04,"51","quantile",0.45,49.6422207212504
2024-04-20,3,"wk inc flu hosp",2024-05-11,"51","quantile",0.45,45.4377048924105
2024-04-20,-1,"wk inc flu hosp",2024-04-13,"51","quantile",0.5,77.9287378202728
2024-04-20,0,"wk inc flu hosp",2024-04-20,"51","quantile",0.5,76.3789016928455
2024-04-20,1,"wk inc flu hosp",2024-04-27,"51","quantile",0.5,62.0777009131772
2024-04-20,2,"wk inc flu hosp",2024-05-04,"51","quantile",0.5,53.9100894959902
2024-04-20,3,"wk inc flu hosp",2024-05-11,"51","quantile",0.5,49.6056602393601
2024-04-20,-1,"wk inc flu hosp",2024-04-13,"51","quantile",0.55,82.3313968273871
2024-04-20,0,"wk inc flu hosp",2024-04-20,"51","quantile",0.55,80.8517484158318
2024-04-20,1,"wk inc flu hosp",2024-04-27,"51","quantile",0.55,66.7281904966971
2024-04-20,2,"wk inc flu hosp",2024-05-04,"51","quantile",0.55,58.6584319672827
2024-04-20,3,"wk inc flu hosp",2024-05-11,"51","quantile",0.55,54.0545325164662
2024-04-20,-1,"wk inc flu hosp",2024-04-13,"51","quantile",0.6,87.1610488531208
2024-04-20,0,"wk inc flu hosp",2024-04-20,"51","quantile",0.6,85.5063613243845
2024-04-20,1,"wk inc flu hosp",2024-04-27,"51","quantile",0.6,71.8887485869066
2024-04-20,2,"wk inc flu hosp",2024-05-04,"51","quantile",0.6,63.809618078638
2024-04-20,3,"wk inc flu hosp",2024-05-11,"51","quantile",0.6,59.1074303555259
2024-04-20,-1,"wk inc flu hosp",2024-04-13,"51","quantile",0.65,92.5315650090214
2024-04-20,0,"wk inc flu hosp",2024-04-20,"51","quantile",0.65,90.6538664429434
2024-04-20,1,"wk inc flu hosp",2024-04-27,"51","quantile",0.65,77.7474355360962
2024-04-20,2,"wk inc flu hosp",2024-05-04,"51","quantile",0.65,69.5110269772226
2024-04-20,3,"wk inc flu hosp",2024-05-11,"51","quantile",0.65,64.8524558419571
2024-04-20,-1,"wk inc flu hosp",2024-04-13,"51","quantile",0.7,98.1676513534897
2024-04-20,0,"wk inc flu hosp",2024-04-20,"51","quantile",0.7,96.4736180958898
2024-04-20,1,"wk inc flu hosp",2024-04-27,"51","quantile",0.7,84.3800585797909
2024-04-20,2,"wk inc flu hosp",2024-05-04,"51","quantile",0.7,76.2880373598147
2024-04-20,3,"wk inc flu hosp",2024-05-11,"51","quantile",0.7,71.6007678467871
2024-04-20,-1,"wk inc flu hosp",2024-04-13,"51","quantile",0.75,104.921784892049
2024-04-20,0,"wk inc flu hosp",2024-04-20,"51","quantile",0.75,103.309118831787
2024-04-20,1,"wk inc flu hosp",2024-04-27,"51","quantile",0.75,92.2724214110911
2024-04-20,2,"wk inc flu hosp",2024-05-04,"51","quantile",0.75,84.4323236009834
2024-04-20,3,"wk inc flu hosp",2024-05-11,"51","quantile",0.75,79.8728810201333
2024-04-20,-1,"wk inc flu hosp",2024-04-13,"51","quantile",0.8,112.740657327478
2024-04-20,0,"wk inc flu hosp",2024-04-20,"51","quantile",0.8,111.435113047788
2024-04-20,1,"wk inc flu hosp",2024-04-27,"51","quantile",0.8,102.040936961282
2024-04-20,2,"wk inc flu hosp",2024-05-04,"51","quantile",0.8,94.7239956807295
2024-04-20,3,"wk inc flu hosp",2024-05-11,"51","quantile",0.8,90.1842149189631
2024-04-20,-1,"wk inc flu hosp",2024-04-13,"51","quantile",0.85,122.61604224611
2024-04-20,0,"wk inc flu hosp",2024-04-20,"51","quantile",0.85,121.201227748068
2024-04-20,1,"wk inc flu hosp",2024-04-27,"51","quantile",0.85,114.74355552392
2024-04-20,2,"wk inc flu hosp",2024-05-04,"51","quantile",0.85,108.339110057842
2024-04-20,3,"wk inc flu hosp",2024-05-11,"51","quantile",0.85,104.40145828445
2024-04-20,-1,"wk inc flu hosp",2024-04-13,"51","quantile",0.9,136.880126261662
2024-04-20,0,"wk inc flu hosp",2024-04-20,"51","quantile",0.9,134.992631139872
2024-04-20,1,"wk inc flu hosp",2024-04-27,"51","quantile",0.9,133.593751247682
2024-04-20,2,"wk inc flu hosp",2024-05-04,"51","quantile",0.9,128.807740212289
2024-04-20,3,"wk inc flu hosp",2024-05-11,"51","quantile",0.9,125.601911024627
2024-04-20,-1,"wk inc flu hosp",2024-04-13,"51","quantile",0.95,161.229404261632
2024-04-20,0,"wk inc flu hosp",2024-04-20,"51","quantile",0.95,158.799133837004
2024-04-20,1,"wk inc flu hosp",2024-04-27,"51","quantile",0.95,166.609903271698
2024-04-20,2,"wk inc flu hosp",2024-05-04,"51","quantile",0.95,166.799641664339
2024-04-20,3,"wk inc flu hosp",2024-05-11,"51","quantile",0.95,167.058195794338
2024-04-20,-1,"wk inc flu hosp",2024-04-13,"51","quantile",0.975,184.80135359649
2024-04-20,0,"wk inc flu hosp",2024-04-20,"51","quantile",0.975,182.014852392953
2024-04-20,1,"wk inc flu hosp",2024-04-27,"51","quantile",0.975,202.148688513808
2024-04-20,2,"wk inc flu hosp",2024-05-04,"51","quantile",0.975,211.60671335877
2024-04-20,3,"wk inc flu hosp",2024-05-11,"51","quantile",0.975,216.649007594173
2024-04-20,-1,"wk inc flu hosp",2024-04-13,"51","quantile",0.99,216.759939373938
2024-04-20,0,"wk inc flu hosp",2024-04-20,"51","quantile",0.99,213.714283234099
2024-04-20,1,"wk inc flu hosp",2024-04-27,"51","quantile",0.99,255.248366736971
2024-04-20,2,"wk inc flu hosp",2024-05-04,"51","quantile",0.99,277.127199805201
2024-04-20,3,"wk inc flu hosp",2024-05-11,"51","quantile",0.99,285.869120452999
2024-04-20,-1,"wk inc flu hosp",2024-04-13,"53","quantile",0.01,11.6927165729756
2024-04-20,0,"wk inc flu hosp",2024-04-20,"53","quantile",0.01,11.5333837665142
2024-04-20,1,"wk inc flu hosp",2024-04-27,"53","quantile",0.01,7.25501554912012
2024-04-20,2,"wk inc flu hosp",2024-05-04,"53","quantile",0.01,5.51173176621099
2024-04-20,3,"wk inc flu hosp",2024-05-11,"53","quantile",0.01,4.48908841006808
2024-04-20,-1,"wk inc flu hosp",2024-04-13,"53","quantile",0.025,14.3409496811203
2024-04-20,0,"wk inc flu hosp",2024-04-20,"53","quantile",0.025,14.0032520362258
2024-04-20,1,"wk inc flu hosp",2024-04-27,"53","quantile",0.025,9.43054986367351
2024-04-20,2,"wk inc flu hosp",2024-05-04,"53","quantile",0.025,7.33027292270547
2024-04-20,3,"wk inc flu hosp",2024-05-11,"53","quantile",0.025,6.25034760644621
2024-04-20,-1,"wk inc flu hosp",2024-04-13,"53","quantile",0.05,16.7757016106209
2024-04-20,0,"wk inc flu hosp",2024-04-20,"53","quantile",0.05,16.5396969744344
2024-04-20,1,"wk inc flu hosp",2024-04-27,"53","quantile",0.05,11.7040492556246
2024-04-20,2,"wk inc flu hosp",2024-05-04,"53","quantile",0.05,9.38826924035961
2024-04-20,3,"wk inc flu hosp",2024-05-11,"53","quantile",0.05,8.13536044915803
2024-04-20,-1,"wk inc flu hosp",2024-04-13,"53","quantile",0.1,20.1643591122771
2024-04-20,0,"wk inc flu hosp",2024-04-20,"53","quantile",0.1,19.882996563349
2024-04-20,1,"wk inc flu hosp",2024-04-27,"53","quantile",0.1,14.9600614786031
2024-04-20,2,"wk inc flu hosp",2024-05-04,"53","quantile",0.1,12.4975216822864
2024-04-20,3,"wk inc flu hosp",2024-05-11,"53","quantile",0.1,11.0801596455711
2024-04-20,-1,"wk inc flu hosp",2024-04-13,"53","quantile",0.15,22.8659345056628
2024-04-20,0,"wk inc flu hosp",2024-04-20,"53","quantile",0.15,22.5221925747481
2024-04-20,1,"wk inc flu hosp",2024-04-27,"53","quantile",0.15,17.6182740393927
2024-04-20,2,"wk inc flu hosp",2024-05-04,"53","quantile",0.15,15.1322473014355
2024-04-20,3,"wk inc flu hosp",2024-05-11,"53","quantile",0.15,13.4888002965033
2024-04-20,-1,"wk inc flu hosp",2024-04-13,"53","quantile",0.2,25.1809146968429
2024-04-20,0,"wk inc flu hosp",2024-04-20,"53","quantile",0.2,24.8856185226157
2024-04-20,1,"wk inc flu hosp",2024-04-27,"53","quantile",0.2,20.0156482200348
2024-04-20,2,"wk inc flu hosp",2024-05-04,"53","quantile",0.2,17.5586047738345
2024-04-20,3,"wk inc flu hosp",2024-05-11,"53","quantile",0.2,15.8976011121609
2024-04-20,-1,"wk inc flu hosp",2024-04-13,"53","quantile",0.25,27.3906976441812
2024-04-20,0,"wk inc flu hosp",2024-04-20,"53","quantile",0.25,27.0140320503096
2024-04-20,1,"wk inc flu hosp",2024-04-27,"53","quantile",0.25,22.4358705772929
2024-04-20,2,"wk inc flu hosp",2024-05-04,"53","quantile",0.25,19.9886606599543
2024-04-20,3,"wk inc flu hosp",2024-05-11,"53","quantile",0.25,18.2421994449401
2024-04-20,-1,"wk inc flu hosp",2024-04-13,"53","quantile",0.3,29.4112013062457
2024-04-20,0,"wk inc flu hosp",2024-04-20,"53","quantile",0.3,29.0716187442974
2024-04-20,1,"wk inc flu hosp",2024-04-27,"53","quantile",0.3,24.7769369949827
2024-04-20,2,"wk inc flu hosp",2024-05-04,"53","quantile",0.3,22.4275405532876
2024-04-20,3,"wk inc flu hosp",2024-05-11,"53","quantile",0.3,20.6277756329891
2024-04-20,-1,"wk inc flu hosp",2024-04-13,"53","quantile",0.35,31.4786449263206
2024-04-20,0,"wk inc flu hosp",2024-04-20,"53","quantile",0.35,31.1326776012031
2024-04-20,1,"wk inc flu hosp",2024-04-27,"53","quantile",0.35,27.1788812167165
2024-04-20,2,"wk inc flu hosp",2024-05-04,"53","quantile",0.35,24.9043975304393
2024-04-20,3,"wk inc flu hosp",2024-05-11,"53","quantile",0.35,23.144068915948
2024-04-20,-1,"wk inc flu hosp",2024-04-13,"53","quantile",0.4,33.6779456332003
2024-04-20,0,"wk inc flu hosp",2024-04-20,"53","quantile",0.4,33.288030946814
2024-04-20,1,"wk inc flu hosp",2024-04-27,"53","quantile",0.4,29.7153158874836
2024-04-20,2,"wk inc flu hosp",2024-05-04,"53","quantile",0.4,27.5490097815936
2024-04-20,3,"wk inc flu hosp",2024-05-11,"53","quantile",0.4,25.8326907008225
2024-04-20,-1,"wk inc flu hosp",2024-04-13,"53","quantile",0.45,35.8782544756025
2024-04-20,0,"wk inc flu hosp",2024-04-20,"53","quantile",0.45,35.4495214807573
2024-04-20,1,"wk inc flu hosp",2024-04-27,"53","quantile",0.45,32.283028372455
2024-04-20,2,"wk inc flu hosp",2024-05-04,"53","quantile",0.45,30.3681708598454
2024-04-20,3,"wk inc flu hosp",2024-05-11,"53","quantile",0.45,28.7899366556081
2024-04-20,-1,"wk inc flu hosp",2024-04-13,"53","quantile",0.5,38.1537039668047
2024-04-20,0,"wk inc flu hosp",2024-04-20,"53","quantile",0.5,37.739939893055
2024-04-20,1,"wk inc flu hosp",2024-04-27,"53","quantile",0.5,35.0455408914281
2024-04-20,2,"wk inc flu hosp",2024-05-04,"53","quantile",0.5,33.3210756845776
2024-04-20,3,"wk inc flu hosp",2024-05-11,"53","quantile",0.5,31.9155100392164
2024-04-20,-1,"wk inc flu hosp",2024-04-13,"53","quantile",0.55,40.6240330271455
2024-04-20,0,"wk inc flu hosp",2024-04-20,"53","quantile",0.55,40.1136001738669
2024-04-20,1,"wk inc flu hosp",2024-04-27,"53","quantile",0.55,38.0850359642471
2024-04-20,2,"wk inc flu hosp",2024-05-04,"53","quantile",0.55,36.5587926260183
2024-04-20,3,"wk inc flu hosp",2024-05-11,"53","quantile",0.55,35.4142309095834
2024-04-20,-1,"wk inc flu hosp",2024-04-13,"53","quantile",0.6,43.232880955523
2024-04-20,0,"wk inc flu hosp",2024-04-20,"53","quantile",0.6,42.6729141135993
2024-04-20,1,"wk inc flu hosp",2024-04-27,"53","quantile",0.6,41.5701996772356
2024-04-20,2,"wk inc flu hosp",2024-05-04,"53","quantile",0.6,40.3307016890743
2024-04-20,3,"wk inc flu hosp",2024-05-11,"53","quantile",0.6,39.3907328477905
2024-04-20,-1,"wk inc flu hosp",2024-04-13,"53","quantile",0.65,46.2709519098903
2024-04-20,0,"wk inc flu hosp",2024-04-20,"53","quantile",0.65,45.4782630550255
2024-04-20,1,"wk inc flu hosp",2024-04-27,"53","quantile",0.65,45.5229535603767
2024-04-20,2,"wk inc flu hosp",2024-05-04,"53","quantile",0.65,44.5089733217825
2024-04-20,3,"wk inc flu hosp",2024-05-11,"53","quantile",0.65,44.0834460414729
2024-04-20,-1,"wk inc flu hosp",2024-04-13,"53","quantile",0.7,49.4744331529106
2024-04-20,0,"wk inc flu hosp",2024-04-20,"53","quantile",0.7,48.6779251164854
2024-04-20,1,"wk inc flu hosp",2024-04-27,"53","quantile",0.7,49.811164306023
2024-04-20,2,"wk inc flu hosp",2024-05-04,"53","quantile",0.7,49.7242033270025
2024-04-20,3,"wk inc flu hosp",2024-05-11,"53","quantile",0.7,49.729083886463
2024-04-20,-1,"wk inc flu hosp",2024-04-13,"53","quantile",0.75,53.2404129781304
2024-04-20,0,"wk inc flu hosp",2024-04-20,"53","quantile",0.75,52.5044566670374
2024-04-20,1,"wk inc flu hosp",2024-04-27,"53","quantile",0.75,55.1186438299206
2024-04-20,2,"wk inc flu hosp",2024-05-04,"53","quantile",0.75,55.9893785417068
2024-04-20,3,"wk inc flu hosp",2024-05-11,"53","quantile",0.75,56.4830762733408
2024-04-20,-1,"wk inc flu hosp",2024-04-13,"53","quantile",0.8,57.9991646124158
2024-04-20,0,"wk inc flu hosp",2024-04-20,"53","quantile",0.8,56.9431419926916
2024-04-20,1,"wk inc flu hosp",2024-04-27,"53","quantile",0.8,61.7410874394083
2024-04-20,2,"wk inc flu hosp",2024-05-04,"53","quantile",0.8,63.9823976550999
2024-04-20,3,"wk inc flu hosp",2024-05-11,"53","quantile",0.8,65.5207798469199
2024-04-20,-1,"wk inc flu hosp",2024-04-13,"53","quantile",0.85,63.6688103748561
2024-04-20,0,"wk inc flu hosp",2024-04-20,"53","quantile",0.85,62.6213292806202
2024-04-20,1,"wk inc flu hosp",2024-04-27,"53","quantile",0.85,70.5268765253004
2024-04-20,2,"wk inc flu hosp",2024-05-04,"53","quantile",0.85,74.7467972620561
2024-04-20,3,"wk inc flu hosp",2024-05-11,"53","quantile",0.85,77.6504354382681
2024-04-20,-1,"wk inc flu hosp",2024-04-13,"53","quantile",0.9,71.6852286894342
2024-04-20,0,"wk inc flu hosp",2024-04-20,"53","quantile",0.9,70.8652751392761
2024-04-20,1,"wk inc flu hosp",2024-04-27,"53","quantile",0.9,83.0635478465601
2024-04-20,2,"wk inc flu hosp",2024-05-04,"53","quantile",0.9,91.6381748439661
2024-04-20,3,"wk inc flu hosp",2024-05-11,"53","quantile",0.9,96.2131326085712
2024-04-20,-1,"wk inc flu hosp",2024-04-13,"53","quantile",0.95,85.9093743640431
2024-04-20,0,"wk inc flu hosp",2024-04-20,"53","quantile",0.95,84.6933093491139
2024-04-20,1,"wk inc flu hosp",2024-04-27,"53","quantile",0.95,105.760988929235
2024-04-20,2,"wk inc flu hosp",2024-05-04,"53","quantile",0.95,123.187808707516
2024-04-20,3,"wk inc flu hosp",2024-05-11,"53","quantile",0.95,135.550296606645
2024-04-20,-1,"wk inc flu hosp",2024-04-13,"53","quantile",0.975,100.850867537361
2024-04-20,0,"wk inc flu hosp",2024-04-20,"53","quantile",0.975,99.5703344694635
2024-04-20,1,"wk inc flu hosp",2024-04-27,"53","quantile",0.975,129.427116805868
2024-04-20,2,"wk inc flu hosp",2024-05-04,"53","quantile",0.975,160.84797589964
2024-04-20,3,"wk inc flu hosp",2024-05-11,"53","quantile",0.975,182.117859610574
2024-04-20,-1,"wk inc flu hosp",2024-04-13,"53","quantile",0.99,120.721373684641
2024-04-20,0,"wk inc flu hosp",2024-04-20,"53","quantile",0.99,120.801616646873
2024-04-20,1,"wk inc flu hosp",2024-04-27,"53","quantile",0.99,169.097003883378
2024-04-20,2,"wk inc flu hosp",2024-05-04,"53","quantile",0.99,218.049157730706
2024-04-20,3,"wk inc flu hosp",2024-05-11,"53","quantile",0.99,260.623406543652
2024-04-20,-1,"wk inc flu hosp",2024-04-13,"54","quantile",0.01,3.17360811520629
2024-04-20,0,"wk inc flu hosp",2024-04-20,"54","quantile",0.01,3.07863532645419
2024-04-20,1,"wk inc flu hosp",2024-04-27,"54","quantile",0.01,1.02054781336975
2024-04-20,2,"wk inc flu hosp",2024-05-04,"54","quantile",0.01,0.289910539184697
2024-04-20,3,"wk inc flu hosp",2024-05-11,"54","quantile",0.01,0
2024-04-20,-1,"wk inc flu hosp",2024-04-13,"54","quantile",0.025,4.30109423000286
2024-04-20,0,"wk inc flu hosp",2024-04-20,"54","quantile",0.025,4.24550077046389
2024-04-20,1,"wk inc flu hosp",2024-04-27,"54","quantile",0.025,1.86019860096652
2024-04-20,2,"wk inc flu hosp",2024-05-04,"54","quantile",0.025,0.907982927469241
2024-04-20,3,"wk inc flu hosp",2024-05-11,"54","quantile",0.025,0.370933824840731
2024-04-20,-1,"wk inc flu hosp",2024-04-13,"54","quantile",0.05,5.59010098681663
2024-04-20,0,"wk inc flu hosp",2024-04-20,"54","quantile",0.05,5.50435103112641
2024-04-20,1,"wk inc flu hosp",2024-04-27,"54","quantile",0.05,2.86254575691802
2024-04-20,2,"wk inc flu hosp",2024-05-04,"54","quantile",0.05,1.65386315111198
2024-04-20,3,"wk inc flu hosp",2024-05-11,"54","quantile",0.05,0.987297849494065
2024-04-20,-1,"wk inc flu hosp",2024-04-13,"54","quantile",0.1,7.48345758865131
2024-04-20,0,"wk inc flu hosp",2024-04-20,"54","quantile",0.1,7.37082624370955
2024-04-20,1,"wk inc flu hosp",2024-04-27,"54","quantile",0.1,4.39649651755495
2024-04-20,2,"wk inc flu hosp",2024-05-04,"54","quantile",0.1,2.85164081003457
2024-04-20,3,"wk inc flu hosp",2024-05-11,"54","quantile",0.1,2.02914828049041
2024-04-20,-1,"wk inc flu hosp",2024-04-13,"54","quantile",0.15,9.01250950329567
2024-04-20,0,"wk inc flu hosp",2024-04-20,"54","quantile",0.15,8.86661543721035
2024-04-20,1,"wk inc flu hosp",2024-04-27,"54","quantile",0.15,5.72166204044495
2024-04-20,2,"wk inc flu hosp",2024-05-04,"54","quantile",0.15,4.03536478421852
2024-04-20,3,"wk inc flu hosp",2024-05-11,"54","quantile",0.15,3.00412802832185
2024-04-20,-1,"wk inc flu hosp",2024-04-13,"54","quantile",0.2,10.4030643772149
2024-04-20,0,"wk inc flu hosp",2024-04-20,"54","quantile",0.2,10.2876731278074
2024-04-20,1,"wk inc flu hosp",2024-04-27,"54","quantile",0.2,7.04625543684087
2024-04-20,2,"wk inc flu hosp",2024-05-04,"54","quantile",0.2,5.1943569582572
2024-04-20,3,"wk inc flu hosp",2024-05-11,"54","quantile",0.2,3.98462010477931
2024-04-20,-1,"wk inc flu hosp",2024-04-13,"54","quantile",0.25,11.7562054165486
2024-04-20,0,"wk inc flu hosp",2024-04-20,"54","quantile",0.25,11.6211889324016
2024-04-20,1,"wk inc flu hosp",2024-04-27,"54","quantile",0.25,8.38480639073949
2024-04-20,2,"wk inc flu hosp",2024-05-04,"54","quantile",0.25,6.37908773765018
2024-04-20,3,"wk inc flu hosp",2024-05-11,"54","quantile",0.25,5.09295839944768
2024-04-20,-1,"wk inc flu hosp",2024-04-13,"54","quantile",0.3,13.0859531942647
2024-04-20,0,"wk inc flu hosp",2024-04-20,"54","quantile",0.3,12.9515149392988
2024-04-20,1,"wk inc flu hosp",2024-04-27,"54","quantile",0.3,9.75329269839356
2024-04-20,2,"wk inc flu hosp",2024-05-04,"54","quantile",0.3,7.63691173666789
2024-04-20,3,"wk inc flu hosp",2024-05-11,"54","quantile",0.3,6.28572908668122
2024-04-20,-1,"wk inc flu hosp",2024-04-13,"54","quantile",0.35,14.4873884161844
2024-04-20,0,"wk inc flu hosp",2024-04-20,"54","quantile",0.35,14.2801919314966
2024-04-20,1,"wk inc flu hosp",2024-04-27,"54","quantile",0.35,11.142010949853
2024-04-20,2,"wk inc flu hosp",2024-05-04,"54","quantile",0.35,9.04456727952639
2024-04-20,3,"wk inc flu hosp",2024-05-11,"54","quantile",0.35,7.55257802583035
2024-04-20,-1,"wk inc flu hosp",2024-04-13,"54","quantile",0.4,15.8563479215337
2024-04-20,0,"wk inc flu hosp",2024-04-20,"54","quantile",0.4,15.6923457335475
2024-04-20,1,"wk inc flu hosp",2024-04-27,"54","quantile",0.4,12.6138711854879
2024-04-20,2,"wk inc flu hosp",2024-05-04,"54","quantile",0.4,10.5372383801996
2024-04-20,3,"wk inc flu hosp",2024-05-11,"54","quantile",0.4,9.03901937942276
2024-04-20,-1,"wk inc flu hosp",2024-04-13,"54","quantile",0.45,17.2878915004556
2024-04-20,0,"wk inc flu hosp",2024-04-20,"54","quantile",0.45,17.1809382000181
2024-04-20,1,"wk inc flu hosp",2024-04-27,"54","quantile",0.45,14.2458216876818
2024-04-20,2,"wk inc flu hosp",2024-05-04,"54","quantile",0.45,12.2365570270715
2024-04-20,3,"wk inc flu hosp",2024-05-11,"54","quantile",0.45,10.6762564561375
2024-04-20,-1,"wk inc flu hosp",2024-04-13,"54","quantile",0.5,18.8721525900234
2024-04-20,0,"wk inc flu hosp",2024-04-20,"54","quantile",0.5,18.7654804488468
2024-04-20,1,"wk inc flu hosp",2024-04-27,"54","quantile",0.5,16.0711634240301
2024-04-20,2,"wk inc flu hosp",2024-05-04,"54","quantile",0.5,14.2013067657866
2024-04-20,3,"wk inc flu hosp",2024-05-11,"54","quantile",0.5,12.5589824557671
2024-04-20,-1,"wk inc flu hosp",2024-04-13,"54","quantile",0.55,20.6307197718167
2024-04-20,0,"wk inc flu hosp",2024-04-20,"54","quantile",0.55,20.4888718282216
2024-04-20,1,"wk inc flu hosp",2024-04-27,"54","quantile",0.55,18.1977821862471
2024-04-20,2,"wk inc flu hosp",2024-05-04,"54","quantile",0.55,16.4227257785286
2024-04-20,3,"wk inc flu hosp",2024-05-11,"54","quantile",0.55,14.8333025301656
2024-04-20,-1,"wk inc flu hosp",2024-04-13,"54","quantile",0.6,22.6549217417405
2024-04-20,0,"wk inc flu hosp",2024-04-20,"54","quantile",0.6,22.3413601442417
2024-04-20,1,"wk inc flu hosp",2024-04-27,"54","quantile",0.6,20.5403920367042
2024-04-20,2,"wk inc flu hosp",2024-05-04,"54","quantile",0.6,18.9734150317772
2024-04-20,3,"wk inc flu hosp",2024-05-11,"54","quantile",0.6,17.4634395229526
2024-04-20,-1,"wk inc flu hosp",2024-04-13,"54","quantile",0.65,24.7625999545183
2024-04-20,0,"wk inc flu hosp",2024-04-20,"54","quantile",0.65,24.4546086525541
2024-04-20,1,"wk inc flu hosp",2024-04-27,"54","quantile",0.65,23.273360943807
2024-04-20,2,"wk inc flu hosp",2024-05-04,"54","quantile",0.65,22.0054639469514
2024-04-20,3,"wk inc flu hosp",2024-05-11,"54","quantile",0.65,20.6581286712394
2024-04-20,-1,"wk inc flu hosp",2024-04-13,"54","quantile",0.7,27.3088081205584
2024-04-20,0,"wk inc flu hosp",2024-04-20,"54","quantile",0.7,26.9430566846483
2024-04-20,1,"wk inc flu hosp",2024-04-27,"54","quantile",0.7,26.617633623623
2024-04-20,2,"wk inc flu hosp",2024-05-04,"54","quantile",0.7,25.8584707512124
2024-04-20,3,"wk inc flu hosp",2024-05-11,"54","quantile",0.7,24.6169736859513
2024-04-20,-1,"wk inc flu hosp",2024-04-13,"54","quantile",0.75,30.2184680313757
2024-04-20,0,"wk inc flu hosp",2024-04-20,"54","quantile",0.75,29.8760847078639
2024-04-20,1,"wk inc flu hosp",2024-04-27,"54","quantile",0.75,30.8352117065356
2024-04-20,2,"wk inc flu hosp",2024-05-04,"54","quantile",0.75,30.7246266262284
2024-04-20,3,"wk inc flu hosp",2024-05-11,"54","quantile",0.75,29.8077813497944
2024-04-20,-1,"wk inc flu hosp",2024-04-13,"54","quantile",0.8,33.8993175661447
2024-04-20,0,"wk inc flu hosp",2024-04-20,"54","quantile",0.8,33.6669367489489
2024-04-20,1,"wk inc flu hosp",2024-04-27,"54","quantile",0.8,36.1578825920313
2024-04-20,2,"wk inc flu hosp",2024-05-04,"54","quantile",0.8,37.2082875209
2024-04-20,3,"wk inc flu hosp",2024-05-11,"54","quantile",0.8,36.8860122250103
2024-04-20,-1,"wk inc flu hosp",2024-04-13,"54","quantile",0.85,38.9682471624465
2024-04-20,0,"wk inc flu hosp",2024-04-20,"54","quantile",0.85,38.4926787298995
2024-04-20,1,"wk inc flu hosp",2024-04-27,"54","quantile",0.85,43.60756228482
2024-04-20,2,"wk inc flu hosp",2024-05-04,"54","quantile",0.85,46.0418287573555
2024-04-20,3,"wk inc flu hosp",2024-05-11,"54","quantile",0.85,47.3808689576732
2024-04-20,-1,"wk inc flu hosp",2024-04-13,"54","quantile",0.9,46.3713991575909
2024-04-20,0,"wk inc flu hosp",2024-04-20,"54","quantile",0.9,45.6011504063339
2024-04-20,1,"wk inc flu hosp",2024-04-27,"54","quantile",0.9,55.254713198077
2024-04-20,2,"wk inc flu hosp",2024-05-04,"54","quantile",0.9,61.5230858703636
2024-04-20,3,"wk inc flu hosp",2024-05-11,"54","quantile",0.9,65.3083691084279
2024-04-20,-1,"wk inc flu hosp",2024-04-13,"54","quantile",0.95,59.865568072806
2024-04-20,0,"wk inc flu hosp",2024-04-20,"54","quantile",0.95,58.2193618658532
2024-04-20,1,"wk inc flu hosp",2024-04-27,"54","quantile",0.95,78.5009801804053
2024-04-20,2,"wk inc flu hosp",2024-05-04,"54","quantile",0.95,93.4161304556907
2024-04-20,3,"wk inc flu hosp",2024-05-11,"54","quantile",0.95,106.287213862677
2024-04-20,-1,"wk inc flu hosp",2024-04-13,"54","quantile",0.975,74.3482653996524
2024-04-20,0,"wk inc flu hosp",2024-04-20,"54","quantile",0.975,71.6993955963347
2024-04-20,1,"wk inc flu hosp",2024-04-27,"54","quantile",0.975,106.792618874165
2024-04-20,2,"wk inc flu hosp",2024-05-04,"54","quantile",0.975,136.98939433576
2024-04-20,3,"wk inc flu hosp",2024-05-11,"54","quantile",0.975,160.649802123936
2024-04-20,-1,"wk inc flu hosp",2024-04-13,"54","quantile",0.99,95.1975928614312
2024-04-20,0,"wk inc flu hosp",2024-04-20,"54","quantile",0.99,92.4022908796491
2024-04-20,1,"wk inc flu hosp",2024-04-27,"54","quantile",0.99,151.869671799946
2024-04-20,2,"wk inc flu hosp",2024-05-04,"54","quantile",0.99,212.956644153293
2024-04-20,3,"wk inc flu hosp",2024-05-11,"54","quantile",0.99,273.159063489299
2024-04-20,-1,"wk inc flu hosp",2024-04-13,"55","quantile",0.01,11.610396908149
2024-04-20,0,"wk inc flu hosp",2024-04-20,"55","quantile",0.01,11.5081661749582
2024-04-20,1,"wk inc flu hosp",2024-04-27,"55","quantile",0.01,5.06442926339043
2024-04-20,2,"wk inc flu hosp",2024-05-04,"55","quantile",0.01,2.53095114972521
2024-04-20,3,"wk inc flu hosp",2024-05-11,"55","quantile",0.01,1.36418854798587
2024-04-20,-1,"wk inc flu hosp",2024-04-13,"55","quantile",0.025,15.6081983929618
2024-04-20,0,"wk inc flu hosp",2024-04-20,"55","quantile",0.025,15.7035926390574
2024-04-20,1,"wk inc flu hosp",2024-04-27,"55","quantile",0.025,7.79657649175397
2024-04-20,2,"wk inc flu hosp",2024-05-04,"55","quantile",0.025,4.56961503763417
2024-04-20,3,"wk inc flu hosp",2024-05-11,"55","quantile",0.025,2.77842898653916
2024-04-20,-1,"wk inc flu hosp",2024-04-13,"55","quantile",0.05,20.0178920139507
2024-04-20,0,"wk inc flu hosp",2024-04-20,"55","quantile",0.05,20.0428720626967
2024-04-20,1,"wk inc flu hosp",2024-04-27,"55","quantile",0.05,10.9767465711242
2024-04-20,2,"wk inc flu hosp",2024-05-04,"55","quantile",0.05,6.96935170668166
2024-04-20,3,"wk inc flu hosp",2024-05-11,"55","quantile",0.05,4.7758565001528
2024-04-20,-1,"wk inc flu hosp",2024-04-13,"55","quantile",0.1,26.5615674872127
2024-04-20,0,"wk inc flu hosp",2024-04-20,"55","quantile",0.1,26.422669594687
2024-04-20,1,"wk inc flu hosp",2024-04-27,"55","quantile",0.1,16.0823011144822
2024-04-20,2,"wk inc flu hosp",2024-05-04,"55","quantile",0.1,11.0503801842989
2024-04-20,3,"wk inc flu hosp",2024-05-11,"55","quantile",0.1,8.13263911102843
2024-04-20,-1,"wk inc flu hosp",2024-04-13,"55","quantile",0.15,31.925695902475
2024-04-20,0,"wk inc flu hosp",2024-04-20,"55","quantile",0.15,31.7206926638169
2024-04-20,1,"wk inc flu hosp",2024-04-27,"55","quantile",0.15,20.7679253444823
2024-04-20,2,"wk inc flu hosp",2024-05-04,"55","quantile",0.15,14.9723208013254
2024-04-20,3,"wk inc flu hosp",2024-05-11,"55","quantile",0.15,11.5840894532192
2024-04-20,-1,"wk inc flu hosp",2024-04-13,"55","quantile",0.2,36.8145233402527
2024-04-20,0,"wk inc flu hosp",2024-04-20,"55","quantile",0.2,36.5653755766822
2024-04-20,1,"wk inc flu hosp",2024-04-27,"55","quantile",0.2,25.4161795871786
2024-04-20,2,"wk inc flu hosp",2024-05-04,"55","quantile",0.2,19.081157760201
2024-04-20,3,"wk inc flu hosp",2024-05-11,"55","quantile",0.2,15.1623838578049
2024-04-20,-1,"wk inc flu hosp",2024-04-13,"55","quantile",0.25,41.5827949844033
2024-04-20,0,"wk inc flu hosp",2024-04-20,"55","quantile",0.25,41.3542903630272
2024-04-20,1,"wk inc flu hosp",2024-04-27,"55","quantile",0.25,30.1988888908918
2024-04-20,2,"wk inc flu hosp",2024-05-04,"55","quantile",0.25,23.4568313451696
2024-04-20,3,"wk inc flu hosp",2024-05-11,"55","quantile",0.25,19.1839410350303
2024-04-20,-1,"wk inc flu hosp",2024-04-13,"55","quantile",0.3,46.371010748147
2024-04-20,0,"wk inc flu hosp",2024-04-20,"55","quantile",0.3,46.0949789240467
2024-04-20,1,"wk inc flu hosp",2024-04-27,"55","quantile",0.3,35.2528374627529
2024-04-20,2,"wk inc flu hosp",2024-05-04,"55","quantile",0.3,28.2450431321107
2024-04-20,3,"wk inc flu hosp",2024-05-11,"55","quantile",0.3,23.6217547555592
2024-04-20,-1,"wk inc flu hosp",2024-04-13,"55","quantile",0.35,51.2802147340323
2024-04-20,0,"wk inc flu hosp",2024-04-20,"55","quantile",0.35,51.1023079219815
2024-04-20,1,"wk inc flu hosp",2024-04-27,"55","quantile",0.35,40.6614953646918
2024-04-20,2,"wk inc flu hosp",2024-05-04,"55","quantile",0.35,33.3180291146742
2024-04-20,3,"wk inc flu hosp",2024-05-11,"55","quantile",0.35,28.5434675854249
2024-04-20,-1,"wk inc flu hosp",2024-04-13,"55","quantile",0.4,56.5421099165493
2024-04-20,0,"wk inc flu hosp",2024-04-20,"55","quantile",0.4,56.1578940475722
2024-04-20,1,"wk inc flu hosp",2024-04-27,"55","quantile",0.4,46.3624666461801
2024-04-20,2,"wk inc flu hosp",2024-05-04,"55","quantile",0.4,39.0838048611893
2024-04-20,3,"wk inc flu hosp",2024-05-11,"55","quantile",0.4,34.0635161493825
2024-04-20,-1,"wk inc flu hosp",2024-04-13,"55","quantile",0.45,61.932619315788
2024-04-20,0,"wk inc flu hosp",2024-04-20,"55","quantile",0.45,61.6724712590166
2024-04-20,1,"wk inc flu hosp",2024-04-27,"55","quantile",0.45,52.6629282814028
2024-04-20,2,"wk inc flu hosp",2024-05-04,"55","quantile",0.45,45.8456905653076
2024-04-20,3,"wk inc flu hosp",2024-05-11,"55","quantile",0.45,40.7805682402696
2024-04-20,-1,"wk inc flu hosp",2024-04-13,"55","quantile",0.5,68.0075253126176
2024-04-20,0,"wk inc flu hosp",2024-04-20,"55","quantile",0.5,67.5501847550851
2024-04-20,1,"wk inc flu hosp",2024-04-27,"55","quantile",0.5,59.9356046581635
2024-04-20,2,"wk inc flu hosp",2024-05-04,"55","quantile",0.5,53.4772677351374
2024-04-20,3,"wk inc flu hosp",2024-05-11,"55","quantile",0.5,48.668344194862
2024-04-20,-1,"wk inc flu hosp",2024-04-13,"55","quantile",0.55,74.3851321306559
2024-04-20,0,"wk inc flu hosp",2024-04-20,"55","quantile",0.55,74.1129293391811
2024-04-20,1,"wk inc flu hosp",2024-04-27,"55","quantile",0.55,68.1241443261885
2024-04-20,2,"wk inc flu hosp",2024-05-04,"55","quantile",0.55,62.1819212595528
2024-04-20,3,"wk inc flu hosp",2024-05-11,"55","quantile",0.55,57.8370017186349
2024-04-20,-1,"wk inc flu hosp",2024-04-13,"55","quantile",0.6,81.7669892093448
2024-04-20,0,"wk inc flu hosp",2024-04-20,"55","quantile",0.6,81.2372504142318
2024-04-20,1,"wk inc flu hosp",2024-04-27,"55","quantile",0.6,77.1953581113863
2024-04-20,2,"wk inc flu hosp",2024-05-04,"55","quantile",0.6,73.0762489789615
2024-04-20,3,"wk inc flu hosp",2024-05-11,"55","quantile",0.6,68.7012246376715
2024-04-20,-1,"wk inc flu hosp",2024-04-13,"55","quantile",0.65,89.9478366605101
2024-04-20,0,"wk inc flu hosp",2024-04-20,"55","quantile",0.65,89.7217856224815
2024-04-20,1,"wk inc flu hosp",2024-04-27,"55","quantile",0.65,88.2135453792944
2024-04-20,2,"wk inc flu hosp",2024-05-04,"55","quantile",0.65,86.3976520061252
2024-04-20,3,"wk inc flu hosp",2024-05-11,"55","quantile",0.65,83.1013544969939
2024-04-20,-1,"wk inc flu hosp",2024-04-13,"55","quantile",0.7,99.4053815207644
2024-04-20,0,"wk inc flu hosp",2024-04-20,"55","quantile",0.7,99.2706333854997
2024-04-20,1,"wk inc flu hosp",2024-04-27,"55","quantile",0.7,101.526471898548
2024-04-20,2,"wk inc flu hosp",2024-05-04,"55","quantile",0.7,102.557961224693
2024-04-20,3,"wk inc flu hosp",2024-05-11,"55","quantile",0.7,101.335628990286
2024-04-20,-1,"wk inc flu hosp",2024-04-13,"55","quantile",0.75,111.055563071534
2024-04-20,0,"wk inc flu hosp",2024-04-20,"55","quantile",0.75,110.715810327275
2024-04-20,1,"wk inc flu hosp",2024-04-27,"55","quantile",0.75,118.554774522247
2024-04-20,2,"wk inc flu hosp",2024-05-04,"55","quantile",0.75,122.890961044823
2024-04-20,3,"wk inc flu hosp",2024-05-11,"55","quantile",0.75,125.467933883126
2024-04-20,-1,"wk inc flu hosp",2024-04-13,"55","quantile",0.8,125.255719339354
2024-04-20,0,"wk inc flu hosp",2024-04-20,"55","quantile",0.8,124.497171301783
2024-04-20,1,"wk inc flu hosp",2024-04-27,"55","quantile",0.8,140.323820909035
2024-04-20,2,"wk inc flu hosp",2024-05-04,"55","quantile",0.8,151.991623444046
2024-04-20,3,"wk inc flu hosp",2024-05-11,"55","quantile",0.8,159.804767719302
2024-04-20,-1,"wk inc flu hosp",2024-04-13,"55","quantile",0.85,144.258730099625
2024-04-20,0,"wk inc flu hosp",2024-04-20,"55","quantile",0.85,144.145826223681
2024-04-20,1,"wk inc flu hosp",2024-04-27,"55","quantile",0.85,172.124129737428
2024-04-20,2,"wk inc flu hosp",2024-05-04,"55","quantile",0.85,194.215532235271
2024-04-20,3,"wk inc flu hosp",2024-05-11,"55","quantile",0.85,211.281596068966
2024-04-20,-1,"wk inc flu hosp",2024-04-13,"55","quantile",0.9,173.014642869182
2024-04-20,0,"wk inc flu hosp",2024-04-20,"55","quantile",0.9,172.17940754459
2024-04-20,1,"wk inc flu hosp",2024-04-27,"55","quantile",0.9,222.384184617167
2024-04-20,2,"wk inc flu hosp",2024-05-04,"55","quantile",0.9,265.887420351426
2024-04-20,3,"wk inc flu hosp",2024-05-11,"55","quantile",0.9,305.426920646132
2024-04-20,-1,"wk inc flu hosp",2024-04-13,"55","quantile",0.95,224.062591332164
2024-04-20,0,"wk inc flu hosp",2024-04-20,"55","quantile",0.95,226.803140097542
2024-04-20,1,"wk inc flu hosp",2024-04-27,"55","quantile",0.95,326.212188472892
2024-04-20,2,"wk inc flu hosp",2024-05-04,"55","quantile",0.95,421.891801852814
2024-04-20,3,"wk inc flu hosp",2024-05-11,"55","quantile",0.95,525.813570946471
2024-04-20,-1,"wk inc flu hosp",2024-04-13,"55","quantile",0.975,283.403923573247
2024-04-20,0,"wk inc flu hosp",2024-04-20,"55","quantile",0.975,285.533305438305
2024-04-20,1,"wk inc flu hosp",2024-04-27,"55","quantile",0.975,461.704323571652
2024-04-20,2,"wk inc flu hosp",2024-05-04,"55","quantile",0.975,639.876421692004
2024-04-20,3,"wk inc flu hosp",2024-05-11,"55","quantile",0.975,838.345750717999
2024-04-20,-1,"wk inc flu hosp",2024-04-13,"55","quantile",0.99,372.05886680751
2024-04-20,0,"wk inc flu hosp",2024-04-20,"55","quantile",0.99,374.440766535195
2024-04-20,1,"wk inc flu hosp",2024-04-27,"55","quantile",0.99,678.278300129464
2024-04-20,2,"wk inc flu hosp",2024-05-04,"55","quantile",0.99,1055.73443213687
2024-04-20,3,"wk inc flu hosp",2024-05-11,"55","quantile",0.99,1539.04019251666
2024-04-20,-1,"wk inc flu hosp",2024-04-13,"56","quantile",0.01,0.482201414803484
2024-04-20,0,"wk inc flu hosp",2024-04-20,"56","quantile",0.01,0.443590992162431
2024-04-20,1,"wk inc flu hosp",2024-04-27,"56","quantile",0.01,0
2024-04-20,2,"wk inc flu hosp",2024-05-04,"56","quantile",0.01,0
2024-04-20,3,"wk inc flu hosp",2024-05-11,"56","quantile",0.01,0
2024-04-20,-1,"wk inc flu hosp",2024-04-13,"56","quantile",0.025,0.862033814197053
2024-04-20,0,"wk inc flu hosp",2024-04-20,"56","quantile",0.025,0.828458614952577
2024-04-20,1,"wk inc flu hosp",2024-04-27,"56","quantile",0.025,0.125674432772966
2024-04-20,2,"wk inc flu hosp",2024-05-04,"56","quantile",0.025,0
2024-04-20,3,"wk inc flu hosp",2024-05-11,"56","quantile",0.025,0
2024-04-20,-1,"wk inc flu hosp",2024-04-13,"56","quantile",0.05,1.25735555451898
2024-04-20,0,"wk inc flu hosp",2024-04-20,"56","quantile",0.05,1.21131351301287
2024-04-20,1,"wk inc flu hosp",2024-04-27,"56","quantile",0.05,0.437471077500369
2024-04-20,2,"wk inc flu hosp",2024-05-04,"56","quantile",0.05,0.095286686908604
2024-04-20,3,"wk inc flu hosp",2024-05-11,"56","quantile",0.05,0
2024-04-20,-1,"wk inc flu hosp",2024-04-13,"56","quantile",0.1,1.82550744921085
2024-04-20,0,"wk inc flu hosp",2024-04-20,"56","quantile",0.1,1.75905132732994
2024-04-20,1,"wk inc flu hosp",2024-04-27,"56","quantile",0.1,0.889061195997497
2024-04-20,2,"wk inc flu hosp",2024-05-04,"56","quantile",0.1,0.475812415666693
2024-04-20,3,"wk inc flu hosp",2024-05-11,"56","quantile",0.1,0.239328124905501
2024-04-20,-1,"wk inc flu hosp",2024-04-13,"56","quantile",0.15,2.28004848714586
2024-04-20,0,"wk inc flu hosp",2024-04-20,"56","quantile",0.15,2.19428310901755
2024-04-20,1,"wk inc flu hosp",2024-04-27,"56","quantile",0.15,1.27933157557824
2024-04-20,2,"wk inc flu hosp",2024-05-04,"56","quantile",0.15,0.813714626696156
2024-04-20,3,"wk inc flu hosp",2024-05-11,"56","quantile",0.15,0.539737158537382
2024-04-20,-1,"wk inc flu hosp",2024-04-13,"56","quantile",0.2,2.69458858171593
2024-04-20,0,"wk inc flu hosp",2024-04-20,"56","quantile",0.2,2.59848356229512
2024-04-20,1,"wk inc flu hosp",2024-04-27,"56","quantile",0.2,1.66394355918643
2024-04-20,2,"wk inc flu hosp",2024-05-04,"56","quantile",0.2,1.14200487881351
2024-04-20,3,"wk inc flu hosp",2024-05-11,"56","quantile",0.2,0.818274528239833
2024-04-20,-1,"wk inc flu hosp",2024-04-13,"56","quantile",0.25,3.09386668586508
2024-04-20,0,"wk inc flu hosp",2024-04-20,"56","quantile",0.25,2.9815151219964
2024-04-20,1,"wk inc flu hosp",2024-04-27,"56","quantile",0.25,2.03100416256078
2024-04-20,2,"wk inc flu hosp",2024-05-04,"56","quantile",0.25,1.46699041239633
2024-04-20,3,"wk inc flu hosp",2024-05-11,"56","quantile",0.25,1.10650328522197
2024-04-20,-1,"wk inc flu hosp",2024-04-13,"56","quantile",0.3,3.47981374775814
2024-04-20,0,"wk inc flu hosp",2024-04-20,"56","quantile",0.3,3.36384865828165
2024-04-20,1,"wk inc flu hosp",2024-04-27,"56","quantile",0.3,2.39895288826367
2024-04-20,2,"wk inc flu hosp",2024-05-04,"56","quantile",0.3,1.79643367846018
2024-04-20,3,"wk inc flu hosp",2024-05-11,"56","quantile",0.3,1.39639426725931
2024-04-20,-1,"wk inc flu hosp",2024-04-13,"56","quantile",0.35,3.88931551273324
2024-04-20,0,"wk inc flu hosp",2024-04-20,"56","quantile",0.35,3.7532873419148
2024-04-20,1,"wk inc flu hosp",2024-04-27,"56","quantile",0.35,2.78478388222354
2024-04-20,2,"wk inc flu hosp",2024-05-04,"56","quantile",0.35,2.16362050425035
2024-04-20,3,"wk inc flu hosp",2024-05-11,"56","quantile",0.35,1.714856175665
2024-04-20,-1,"wk inc flu hosp",2024-04-13,"56","quantile",0.4,4.30133915492611
2024-04-20,0,"wk inc flu hosp",2024-04-20,"56","quantile",0.4,4.15624084141498
2024-04-20,1,"wk inc flu hosp",2024-04-27,"56","quantile",0.4,3.17981141792748
2024-04-20,2,"wk inc flu hosp",2024-05-04,"56","quantile",0.4,2.5367244388935
2024-04-20,3,"wk inc flu hosp",2024-05-11,"56","quantile",0.4,2.05669053984195
2024-04-20,-1,"wk inc flu hosp",2024-04-13,"56","quantile",0.45,4.73121644405965
2024-04-20,0,"wk inc flu hosp",2024-04-20,"56","quantile",0.45,4.55842936447995
2024-04-20,1,"wk inc flu hosp",2024-04-27,"56","quantile",0.45,3.61232741464862
2024-04-20,2,"wk inc flu hosp",2024-05-04,"56","quantile",0.45,2.94068993699705
2024-04-20,3,"wk inc flu hosp",2024-05-11,"56","quantile",0.45,2.41613489315323
2024-04-20,-1,"wk inc flu hosp",2024-04-13,"56","quantile",0.5,5.17341151661831
2024-04-20,0,"wk inc flu hosp",2024-04-20,"56","quantile",0.5,4.98412965325388
2024-04-20,1,"wk inc flu hosp",2024-04-27,"56","quantile",0.5,4.08936585867919
2024-04-20,2,"wk inc flu hosp",2024-05-04,"56","quantile",0.5,3.38460600477789
2024-04-20,3,"wk inc flu hosp",2024-05-11,"56","quantile",0.5,2.83460745070122
2024-04-20,-1,"wk inc flu hosp",2024-04-13,"56","quantile",0.55,5.66053658917858
2024-04-20,0,"wk inc flu hosp",2024-04-20,"56","quantile",0.55,5.46518034633132
2024-04-20,1,"wk inc flu hosp",2024-04-27,"56","quantile",0.55,4.61757092591198
2024-04-20,2,"wk inc flu hosp",2024-05-04,"56","quantile",0.55,3.89134084218198
2024-04-20,3,"wk inc flu hosp",2024-05-11,"56","quantile",0.55,3.2870047231367
2024-04-20,-1,"wk inc flu hosp",2024-04-13,"56","quantile",0.6,6.19950792939437
2024-04-20,0,"wk inc flu hosp",2024-04-20,"56","quantile",0.6,5.98774560447275
2024-04-20,1,"wk inc flu hosp",2024-04-27,"56","quantile",0.6,5.20518099621349
2024-04-20,2,"wk inc flu hosp",2024-05-04,"56","quantile",0.6,4.45273634209086
2024-04-20,3,"wk inc flu hosp",2024-05-11,"56","quantile",0.6,3.82765439860122
2024-04-20,-1,"wk inc flu hosp",2024-04-13,"56","quantile",0.65,6.79489802194689
2024-04-20,0,"wk inc flu hosp",2024-04-20,"56","quantile",0.65,6.54539893313062
2024-04-20,1,"wk inc flu hosp",2024-04-27,"56","quantile",0.65,5.87546202386416
2024-04-20,2,"wk inc flu hosp",2024-05-04,"56","quantile",0.65,5.10046172373066
2024-04-20,3,"wk inc flu hosp",2024-05-11,"56","quantile",0.65,4.44128844923624
2024-04-20,-1,"wk inc flu hosp",2024-04-13,"56","quantile",0.7,7.48315885775235
2024-04-20,0,"wk inc flu hosp",2024-04-20,"56","quantile",0.7,7.18865088526363
2024-04-20,1,"wk inc flu hosp",2024-04-27,"56","quantile",0.7,6.63074144321267
2024-04-20,2,"wk inc flu hosp",2024-05-04,"56","quantile",0.7,5.92505451792324
2024-04-20,3,"wk inc flu hosp",2024-05-11,"56","quantile",0.7,5.23034902801252
2024-04-20,-1,"wk inc flu hosp",2024-04-13,"56","quantile",0.75,8.27596703410796
2024-04-20,0,"wk inc flu hosp",2024-04-20,"56","quantile",0.75,7.96881351674803
2024-04-20,1,"wk inc flu hosp",2024-04-27,"56","quantile",0.75,7.56357867286034
2024-04-20,2,"wk inc flu hosp",2024-05-04,"56","quantile",0.75,6.88883297009775
2024-04-20,3,"wk inc flu hosp",2024-05-11,"56","quantile",0.75,6.19158783012891
2024-04-20,-1,"wk inc flu hosp",2024-04-13,"56","quantile",0.8,9.26498211515991
2024-04-20,0,"wk inc flu hosp",2024-04-20,"56","quantile",0.8,8.94225914945903
2024-04-20,1,"wk inc flu hosp",2024-04-27,"56","quantile",0.8,8.79062983565507
2024-04-20,2,"wk inc flu hosp",2024-05-04,"56","quantile",0.8,8.18196805374326
2024-04-20,3,"wk inc flu hosp",2024-05-11,"56","quantile",0.8,7.42354891194726
2024-04-20,-1,"wk inc flu hosp",2024-04-13,"56","quantile",0.85,10.5725945875718
2024-04-20,0,"wk inc flu hosp",2024-04-20,"56","quantile",0.85,10.2147692689714
2024-04-20,1,"wk inc flu hosp",2024-04-27,"56","quantile",0.85,10.4288501369039
2024-04-20,2,"wk inc flu hosp",2024-05-04,"56","quantile",0.85,9.96809528135543
2024-04-20,3,"wk inc flu hosp",2024-05-11,"56","quantile",0.85,9.14785526607514
2024-04-20,-1,"wk inc flu hosp",2024-04-13,"56","quantile",0.9,12.4698754443225
2024-04-20,0,"wk inc flu hosp",2024-04-20,"56","quantile",0.9,11.9661127431797
2024-04-20,1,"wk inc flu hosp",2024-04-27,"56","quantile",0.9,12.8300130754699
2024-04-20,2,"wk inc flu hosp",2024-05-04,"56","quantile",0.9,12.6985518017222
2024-04-20,3,"wk inc flu hosp",2024-05-11,"56","quantile",0.9,11.9412890849754
2024-04-20,-1,"wk inc flu hosp",2024-04-13,"56","quantile",0.95,15.8044094435012
2024-04-20,0,"wk inc flu hosp",2024-04-20,"56","quantile",0.95,15.1755083672935
2024-04-20,1,"wk inc flu hosp",2024-04-27,"56","quantile",0.95,17.4997677102971
2024-04-20,2,"wk inc flu hosp",2024-05-04,"56","quantile",0.95,18.2523242125642
2024-04-20,3,"wk inc flu hosp",2024-05-11,"56","quantile",0.95,17.7367665518306
2024-04-20,-1,"wk inc flu hosp",2024-04-13,"56","quantile",0.975,19.5154809620874
2024-04-20,0,"wk inc flu hosp",2024-04-20,"56","quantile",0.975,18.7168149243181
2024-04-20,1,"wk inc flu hosp",2024-04-27,"56","quantile",0.975,22.9869066276451
2024-04-20,2,"wk inc flu hosp",2024-05-04,"56","quantile",0.975,24.7724906037466
2024-04-20,3,"wk inc flu hosp",2024-05-11,"56","quantile",0.975,24.8418200567293
2024-04-20,-1,"wk inc flu hosp",2024-04-13,"56","quantile",0.99,25.1596435689636
2024-04-20,0,"wk inc flu hosp",2024-04-20,"56","quantile",0.99,23.4086333820365
2024-04-20,1,"wk inc flu hosp",2024-04-27,"56","quantile",0.99,31.4957349196563
2024-04-20,2,"wk inc flu hosp",2024-05-04,"56","quantile",0.99,35.7435311671553
2024-04-20,3,"wk inc flu hosp",2024-05-11,"56","quantile",0.99,37.8142085212336
2024-04-20,-1,"wk inc flu hosp",2024-04-13,"72","quantile",0.01,15.88041546279
2024-04-20,0,"wk inc flu hosp",2024-04-20,"72","quantile",0.01,15.8165927069534
2024-04-20,1,"wk inc flu hosp",2024-04-27,"72","quantile",0.01,12.1608569644825
2024-04-20,2,"wk inc flu hosp",2024-05-04,"72","quantile",0.01,10.9659660082231
2024-04-20,3,"wk inc flu hosp",2024-05-11,"72","quantile",0.01,10.7395188375439
2024-04-20,-1,"wk inc flu hosp",2024-04-13,"72","quantile",0.025,18.8162589720715
2024-04-20,0,"wk inc flu hosp",2024-04-20,"72","quantile",0.025,18.739230563947
2024-04-20,1,"wk inc flu hosp",2024-04-27,"72","quantile",0.025,15.1388043563314
2024-04-20,2,"wk inc flu hosp",2024-05-04,"72","quantile",0.025,14.0255748526876
2024-04-20,3,"wk inc flu hosp",2024-05-11,"72","quantile",0.025,13.5615075335908
2024-04-20,-1,"wk inc flu hosp",2024-04-13,"72","quantile",0.05,21.5950910959614
2024-04-20,0,"wk inc flu hosp",2024-04-20,"72","quantile",0.05,21.7316934414884
2024-04-20,1,"wk inc flu hosp",2024-04-27,"72","quantile",0.05,18.1515716453773
2024-04-20,2,"wk inc flu hosp",2024-05-04,"72","quantile",0.05,17.1419772160254
2024-04-20,3,"wk inc flu hosp",2024-05-11,"72","quantile",0.05,16.8547404899521
2024-04-20,-1,"wk inc flu hosp",2024-04-13,"72","quantile",0.1,25.6787484937467
2024-04-20,0,"wk inc flu hosp",2024-04-20,"72","quantile",0.1,25.7663169286694
2024-04-20,1,"wk inc flu hosp",2024-04-27,"72","quantile",0.1,22.7058559264446
2024-04-20,2,"wk inc flu hosp",2024-05-04,"72","quantile",0.1,21.6407008444369
2024-04-20,3,"wk inc flu hosp",2024-05-11,"72","quantile",0.1,21.1500558482877
2024-04-20,-1,"wk inc flu hosp",2024-04-13,"72","quantile",0.15,28.6516755964094
2024-04-20,0,"wk inc flu hosp",2024-04-20,"72","quantile",0.15,28.9642396352624
2024-04-20,1,"wk inc flu hosp",2024-04-27,"72","quantile",0.15,26.3329292204701
2024-04-20,2,"wk inc flu hosp",2024-05-04,"72","quantile",0.15,25.3711312646078
2024-04-20,3,"wk inc flu hosp",2024-05-11,"72","quantile",0.15,25.0327099826346
2024-04-20,-1,"wk inc flu hosp",2024-04-13,"72","quantile",0.2,31.2140157551512
2024-04-20,0,"wk inc flu hosp",2024-04-20,"72","quantile",0.2,31.7010853590163
2024-04-20,1,"wk inc flu hosp",2024-04-27,"72","quantile",0.2,29.5570587932157
2024-04-20,2,"wk inc flu hosp",2024-05-04,"72","quantile",0.2,28.6832046968263
2024-04-20,3,"wk inc flu hosp",2024-05-11,"72","quantile",0.2,28.4415727012711
2024-04-20,-1,"wk inc flu hosp",2024-04-13,"72","quantile",0.25,33.7728004611934
2024-04-20,0,"wk inc flu hosp",2024-04-20,"72","quantile",0.25,34.1305009091074
2024-04-20,1,"wk inc flu hosp",2024-04-27,"72","quantile",0.25,32.5351249486535
2024-04-20,2,"wk inc flu hosp",2024-05-04,"72","quantile",0.25,31.9495637415434
2024-04-20,3,"wk inc flu hosp",2024-05-11,"72","quantile",0.25,31.8468079046138
2024-04-20,-1,"wk inc flu hosp",2024-04-13,"72","quantile",0.3,36.1347530096293
2024-04-20,0,"wk inc flu hosp",2024-04-20,"72","quantile",0.3,36.5571213807481
2024-04-20,1,"wk inc flu hosp",2024-04-27,"72","quantile",0.3,35.3953331901639
2024-04-20,2,"wk inc flu hosp",2024-05-04,"72","quantile",0.3,35.2697925785421
2024-04-20,3,"wk inc flu hosp",2024-05-11,"72","quantile",0.3,35.2570654258789
2024-04-20,-1,"wk inc flu hosp",2024-04-13,"72","quantile",0.35,38.5846348497416
2024-04-20,0,"wk inc flu hosp",2024-04-20,"72","quantile",0.35,38.9988733370785
2024-04-20,1,"wk inc flu hosp",2024-04-27,"72","quantile",0.35,38.4532427357234
2024-04-20,2,"wk inc flu hosp",2024-05-04,"72","quantile",0.35,38.6286915406634
2024-04-20,3,"wk inc flu hosp",2024-05-11,"72","quantile",0.35,38.8841548924145
2024-04-20,-1,"wk inc flu hosp",2024-04-13,"72","quantile",0.4,40.9979141960301
2024-04-20,0,"wk inc flu hosp",2024-04-20,"72","quantile",0.4,41.4733376150009
2024-04-20,1,"wk inc flu hosp",2024-04-27,"72","quantile",0.4,41.591008919158
2024-04-20,2,"wk inc flu hosp",2024-05-04,"72","quantile",0.4,42.159215543399
2024-04-20,3,"wk inc flu hosp",2024-05-11,"72","quantile",0.4,42.575142477202
2024-04-20,-1,"wk inc flu hosp",2024-04-13,"72","quantile",0.45,43.4758143054575
2024-04-20,0,"wk inc flu hosp",2024-04-20,"72","quantile",0.45,43.9532654866997
2024-04-20,1,"wk inc flu hosp",2024-04-27,"72","quantile",0.45,44.9120007157754
2024-04-20,2,"wk inc flu hosp",2024-05-04,"72","quantile",0.45,45.8424207089714
2024-04-20,3,"wk inc flu hosp",2024-05-11,"72","quantile",0.45,46.6321731165836
2024-04-20,-1,"wk inc flu hosp",2024-04-13,"72","quantile",0.5,46.1270829095421
2024-04-20,0,"wk inc flu hosp",2024-04-20,"72","quantile",0.5,46.4985779033035
2024-04-20,1,"wk inc flu hosp",2024-04-27,"72","quantile",0.5,48.3672493181936
2024-04-20,2,"wk inc flu hosp",2024-05-04,"72","quantile",0.5,49.8427127613785
2024-04-20,3,"wk inc flu hosp",2024-05-11,"72","quantile",0.5,50.8299447321824
2024-04-20,-1,"wk inc flu hosp",2024-04-13,"72","quantile",0.55,48.8332321079766
2024-04-20,0,"wk inc flu hosp",2024-04-20,"72","quantile",0.55,49.2771045091591
2024-04-20,1,"wk inc flu hosp",2024-04-27,"72","quantile",0.55,52.1410971146123
2024-04-20,2,"wk inc flu hosp",2024-05-04,"72","quantile",0.55,54.1905975256629
2024-04-20,3,"wk inc flu hosp",2024-05-11,"72","quantile",0.55,55.7111354054098
2024-04-20,-1,"wk inc flu hosp",2024-04-13,"72","quantile",0.6,51.6251840941205
2024-04-20,0,"wk inc flu hosp",2024-04-20,"72","quantile",0.6,52.2289358539458
2024-04-20,1,"wk inc flu hosp",2024-04-27,"72","quantile",0.6,56.413229746807
2024-04-20,2,"wk inc flu hosp",2024-05-04,"72","quantile",0.6,58.94094127768
2024-04-20,3,"wk inc flu hosp",2024-05-11,"72","quantile",0.6,60.9863938220656
2024-04-20,-1,"wk inc flu hosp",2024-04-13,"72","quantile",0.65,54.8675087655781
2024-04-20,0,"wk inc flu hosp",2024-04-20,"72","quantile",0.65,55.4047648246198
2024-04-20,1,"wk inc flu hosp",2024-04-27,"72","quantile",0.65,61.1737843510797
2024-04-20,2,"wk inc flu hosp",2024-05-04,"72","quantile",0.65,64.4788459379328
2024-04-20,3,"wk inc flu hosp",2024-05-11,"72","quantile",0.65,67.0762240947077
2024-04-20,-1,"wk inc flu hosp",2024-04-13,"72","quantile",0.7,58.4605765167075
2024-04-20,0,"wk inc flu hosp",2024-04-20,"72","quantile",0.7,59.1071143332876
2024-04-20,1,"wk inc flu hosp",2024-04-27,"72","quantile",0.7,66.3510749785163
2024-04-20,2,"wk inc flu hosp",2024-05-04,"72","quantile",0.7,70.9731588743988
2024-04-20,3,"wk inc flu hosp",2024-05-11,"72","quantile",0.7,74.4359095790949
2024-04-20,-1,"wk inc flu hosp",2024-04-13,"72","quantile",0.75,62.4737311961169
2024-04-20,0,"wk inc flu hosp",2024-04-20,"72","quantile",0.75,63.2131126112724
2024-04-20,1,"wk inc flu hosp",2024-04-27,"72","quantile",0.75,72.8024776302569
2024-04-20,2,"wk inc flu hosp",2024-05-04,"72","quantile",0.75,78.7449795362765
2024-04-20,3,"wk inc flu hosp",2024-05-11,"72","quantile",0.75,83.1796714883391
2024-04-20,-1,"wk inc flu hosp",2024-04-13,"72","quantile",0.8,67.4307028762901
2024-04-20,0,"wk inc flu hosp",2024-04-20,"72","quantile",0.8,68.2175476078874
2024-04-20,1,"wk inc flu hosp",2024-04-27,"72","quantile",0.8,80.7958005800285
2024-04-20,2,"wk inc flu hosp",2024-05-04,"72","quantile",0.8,88.2622687723464
2024-04-20,3,"wk inc flu hosp",2024-05-11,"72","quantile",0.8,93.9507121272535
2024-04-20,-1,"wk inc flu hosp",2024-04-13,"72","quantile",0.85,73.660376273628
2024-04-20,0,"wk inc flu hosp",2024-04-20,"72","quantile",0.85,74.5494685392675
2024-04-20,1,"wk inc flu hosp",2024-04-27,"72","quantile",0.85,90.8825828749879
2024-04-20,2,"wk inc flu hosp",2024-05-04,"72","quantile",0.85,101.228525654419
2024-04-20,3,"wk inc flu hosp",2024-05-11,"72","quantile",0.85,108.777416982498
2024-04-20,-1,"wk inc flu hosp",2024-04-13,"72","quantile",0.9,82.2774490598624
2024-04-20,0,"wk inc flu hosp",2024-04-20,"72","quantile",0.9,83.2342003632631
2024-04-20,1,"wk inc flu hosp",2024-04-27,"72","quantile",0.9,105.813948847846
2024-04-20,2,"wk inc flu hosp",2024-05-04,"72","quantile",0.9,120.642068744252
2024-04-20,3,"wk inc flu hosp",2024-05-11,"72","quantile",0.9,131.287640860928
2024-04-20,-1,"wk inc flu hosp",2024-04-13,"72","quantile",0.95,96.7430813818423
2024-04-20,0,"wk inc flu hosp",2024-04-20,"72","quantile",0.95,98.6425798453784
2024-04-20,1,"wk inc flu hosp",2024-04-27,"72","quantile",0.95,133.145924942962
2024-04-20,2,"wk inc flu hosp",2024-05-04,"72","quantile",0.95,158.122228349365
2024-04-20,3,"wk inc flu hosp",2024-05-11,"72","quantile",0.95,175.259662629657
2024-04-20,-1,"wk inc flu hosp",2024-04-13,"72","quantile",0.975,110.671231661485
2024-04-20,0,"wk inc flu hosp",2024-04-20,"72","quantile",0.975,113.993570333143
2024-04-20,1,"wk inc flu hosp",2024-04-27,"72","quantile",0.975,163.450596629299
2024-04-20,2,"wk inc flu hosp",2024-05-04,"72","quantile",0.975,200.016127646755
2024-04-20,3,"wk inc flu hosp",2024-05-11,"72","quantile",0.975,227.779778264274
2024-04-20,-1,"wk inc flu hosp",2024-04-13,"72","quantile",0.99,130.050623501981
2024-04-20,0,"wk inc flu hosp",2024-04-20,"72","quantile",0.99,135.14615303221
2024-04-20,1,"wk inc flu hosp",2024-04-27,"72","quantile",0.99,206.531863915049
2024-04-20,2,"wk inc flu hosp",2024-05-04,"72","quantile",0.99,263.071450360266
2024-04-20,3,"wk inc flu hosp",2024-05-11,"72","quantile",0.99,306.023217515554
2024-04-20,-1,"wk inc flu hosp",2024-04-13,"US","quantile",0.01,724.490459087662
2024-04-20,0,"wk inc flu hosp",2024-04-20,"US","quantile",0.01,711.742975977176
2024-04-20,1,"wk inc flu hosp",2024-04-27,"US","quantile",0.01,396.194345606406
2024-04-20,2,"wk inc flu hosp",2024-05-04,"US","quantile",0.01,296.181716054754
2024-04-20,3,"wk inc flu hosp",2024-05-11,"US","quantile",0.01,266.323096157203
2024-04-20,-1,"wk inc flu hosp",2024-04-13,"US","quantile",0.025,898.848388027552
2024-04-20,0,"wk inc flu hosp",2024-04-20,"US","quantile",0.025,869.388798190141
2024-04-20,1,"wk inc flu hosp",2024-04-27,"US","quantile",0.025,509.9333955071
2024-04-20,2,"wk inc flu hosp",2024-05-04,"US","quantile",0.025,392.396359875678
2024-04-20,3,"wk inc flu hosp",2024-05-11,"US","quantile",0.025,350.093640521768
2024-04-20,-1,"wk inc flu hosp",2024-04-13,"US","quantile",0.05,1071.31739460819
2024-04-20,0,"wk inc flu hosp",2024-04-20,"US","quantile",0.05,1044.47751337562
2024-04-20,1,"wk inc flu hosp",2024-04-27,"US","quantile",0.05,637.50873186775
2024-04-20,2,"wk inc flu hosp",2024-05-04,"US","quantile",0.05,499.629586803194
2024-04-20,3,"wk inc flu hosp",2024-05-11,"US","quantile",0.05,450.155185970286
2024-04-20,-1,"wk inc flu hosp",2024-04-13,"US","quantile",0.1,1322.81249205521
2024-04-20,0,"wk inc flu hosp",2024-04-20,"US","quantile",0.1,1287.55544150536
2024-04-20,1,"wk inc flu hosp",2024-04-27,"US","quantile",0.1,822.023153649055
2024-04-20,2,"wk inc flu hosp",2024-05-04,"US","quantile",0.1,664.341231678822
2024-04-20,3,"wk inc flu hosp",2024-05-11,"US","quantile",0.1,595.978258381237
2024-04-20,-1,"wk inc flu hosp",2024-04-13,"US","quantile",0.15,1521.79167915505
2024-04-20,0,"wk inc flu hosp",2024-04-20,"US","quantile",0.15,1486.56534561416
2024-04-20,1,"wk inc flu hosp",2024-04-27,"US","quantile",0.15,984.413227049022
2024-04-20,2,"wk inc flu hosp",2024-05-04,"US","quantile",0.15,813.188835161733
2024-04-20,3,"wk inc flu hosp",2024-05-11,"US","quantile",0.15,728.82607131331
2024-04-20,-1,"wk inc flu hosp",2024-04-13,"US","quantile",0.2,1704.92536569231
2024-04-20,0,"wk inc flu hosp",2024-04-20,"US","quantile",0.2,1657.96086359108
2024-04-20,1,"wk inc flu hosp",2024-04-27,"US","quantile",0.2,1135.93425471476
2024-04-20,2,"wk inc flu hosp",2024-05-04,"US","quantile",0.2,945.489871745005
2024-04-20,3,"wk inc flu hosp",2024-05-11,"US","quantile",0.2,856.981800834758
2024-04-20,-1,"wk inc flu hosp",2024-04-13,"US","quantile",0.25,1876.47993655874
2024-04-20,0,"wk inc flu hosp",2024-04-20,"US","quantile",0.25,1819.59543871458
2024-04-20,1,"wk inc flu hosp",2024-04-27,"US","quantile",0.25,1286.59787950038
2024-04-20,2,"wk inc flu hosp",2024-05-04,"US","quantile",0.25,1082.20991598237
2024-04-20,3,"wk inc flu hosp",2024-05-11,"US","quantile",0.25,983.185723703188
2024-04-20,-1,"wk inc flu hosp",2024-04-13,"US","quantile",0.3,2047.62226763966
2024-04-20,0,"wk inc flu hosp",2024-04-20,"US","quantile",0.3,1980.9558411501
2024-04-20,1,"wk inc flu hosp",2024-04-27,"US","quantile",0.3,1439.91669133383
2024-04-20,2,"wk inc flu hosp",2024-05-04,"US","quantile",0.3,1218.52993188049
2024-04-20,3,"wk inc flu hosp",2024-05-11,"US","quantile",0.3,1119.49611751789
2024-04-20,-1,"wk inc flu hosp",2024-04-13,"US","quantile",0.35,2215.8927227497
2024-04-20,0,"wk inc flu hosp",2024-04-20,"US","quantile",0.35,2147.49951708946
2024-04-20,1,"wk inc flu hosp",2024-04-27,"US","quantile",0.35,1597.78489261565
2024-04-20,2,"wk inc flu hosp",2024-05-04,"US","quantile",0.35,1367.42788197173
2024-04-20,3,"wk inc flu hosp",2024-05-11,"US","quantile",0.35,1263.49554050843
2024-04-20,-1,"wk inc flu hosp",2024-04-13,"US","quantile",0.4,2388.27991017164
2024-04-20,0,"wk inc flu hosp",2024-04-20,"US","quantile",0.4,2313.45626022356
2024-04-20,1,"wk inc flu hosp",2024-04-27,"US","quantile",0.4,1765.42738974633
2024-04-20,2,"wk inc flu hosp",2024-05-04,"US","quantile",0.4,1525.70811660026
2024-04-20,3,"wk inc flu hosp",2024-05-11,"US","quantile",0.4,1417.56388287287
2024-04-20,-1,"wk inc flu hosp",2024-04-13,"US","quantile",0.45,2570.33440833746
2024-04-20,0,"wk inc flu hosp",2024-04-20,"US","quantile",0.45,2491.72171826548
2024-04-20,1,"wk inc flu hosp",2024-04-27,"US","quantile",0.45,1942.21104846886
2024-04-20,2,"wk inc flu hosp",2024-05-04,"US","quantile",0.45,1701.10673128603
2024-04-20,3,"wk inc flu hosp",2024-05-11,"US","quantile",0.45,1587.61115999263
2024-04-20,-1,"wk inc flu hosp",2024-04-13,"US","quantile",0.5,2763.91823463395
2024-04-20,0,"wk inc flu hosp",2024-04-20,"US","quantile",0.5,2683.59074166971
2024-04-20,1,"wk inc flu hosp",2024-04-27,"US","quantile",0.5,2134.89304290298
2024-04-20,2,"wk inc flu hosp",2024-05-04,"US","quantile",0.5,1883.7863543596
2024-04-20,3,"wk inc flu hosp",2024-05-11,"US","quantile",0.5,1776.3646598443
2024-04-20,-1,"wk inc flu hosp",2024-04-13,"US","quantile",0.55,2970.23197423608
2024-04-20,0,"wk inc flu hosp",2024-04-20,"US","quantile",0.55,2884.47398534154
2024-04-20,1,"wk inc flu hosp",2024-04-27,"US","quantile",0.55,2350.02988406789
2024-04-20,2,"wk inc flu hosp",2024-05-04,"US","quantile",0.55,2094.31635697537
2024-04-20,3,"wk inc flu hosp",2024-05-11,"US","quantile",0.55,1986.08531271759
2024-04-20,-1,"wk inc flu hosp",2024-04-13,"US","quantile",0.6,3200.13672406952
2024-04-20,0,"wk inc flu hosp",2024-04-20,"US","quantile",0.6,3108.72337514827
2024-04-20,1,"wk inc flu hosp",2024-04-27,"US","quantile",0.6,2598.72440859306
2024-04-20,2,"wk inc flu hosp",2024-05-04,"US","quantile",0.6,2343.463390922
2024-04-20,3,"wk inc flu hosp",2024-05-11,"US","quantile",0.6,2228.18872740984
2024-04-20,-1,"wk inc flu hosp",2024-04-13,"US","quantile",0.65,3451.0912342937
2024-04-20,0,"wk inc flu hosp",2024-04-20,"US","quantile",0.65,3349.09548674448
2024-04-20,1,"wk inc flu hosp",2024-04-27,"US","quantile",0.65,2868.78505813896
2024-04-20,2,"wk inc flu hosp",2024-05-04,"US","quantile",0.65,2634.38846214552
2024-04-20,3,"wk inc flu hosp",2024-05-11,"US","quantile",0.65,2506.17044963923
2024-04-20,-1,"wk inc flu hosp",2024-04-13,"US","quantile",0.7,3750.66760887783
2024-04-20,0,"wk inc flu hosp",2024-04-20,"US","quantile",0.7,3635.21374629354
2024-04-20,1,"wk inc flu hosp",2024-04-27,"US","quantile",0.7,3196.45989203869
2024-04-20,2,"wk inc flu hosp",2024-05-04,"US","quantile",0.7,2973.98953521797
2024-04-20,3,"wk inc flu hosp",2024-05-11,"US","quantile",0.7,2854.60036360753
2024-04-20,-1,"wk inc flu hosp",2024-04-13,"US","quantile",0.75,4092.70505229735
2024-04-20,0,"wk inc flu hosp",2024-04-20,"US","quantile",0.75,3957.45779772262
2024-04-20,1,"wk inc flu hosp",2024-04-27,"US","quantile",0.75,3597.45244086176
2024-04-20,2,"wk inc flu hosp",2024-05-04,"US","quantile",0.75,3386.07704006322
2024-04-20,3,"wk inc flu hosp",2024-05-11,"US","quantile",0.75,3286.42958845775
2024-04-20,-1,"wk inc flu hosp",2024-04-13,"US","quantile",0.8,4507.46185444776
2024-04-20,0,"wk inc flu hosp",2024-04-20,"US","quantile",0.8,4372.20217951895
2024-04-20,1,"wk inc flu hosp",2024-04-27,"US","quantile",0.8,4076.71267200526
2024-04-20,2,"wk inc flu hosp",2024-05-04,"US","quantile",0.8,3944.28298341357
2024-04-20,3,"wk inc flu hosp",2024-05-11,"US","quantile",0.8,3856.68391406389
2024-04-20,-1,"wk inc flu hosp",2024-04-13,"US","quantile",0.85,5038.07073115985
2024-04-20,0,"wk inc flu hosp",2024-04-20,"US","quantile",0.85,4896.00559614334
2024-04-20,1,"wk inc flu hosp",2024-04-27,"US","quantile",0.85,4763.25262527513
2024-04-20,2,"wk inc flu hosp",2024-05-04,"US","quantile",0.85,4687.78013435283
2024-04-20,3,"wk inc flu hosp",2024-05-11,"US","quantile",0.85,4648.96771675242
2024-04-20,-1,"wk inc flu hosp",2024-04-13,"US","quantile",0.9,5806.84152053208
2024-04-20,0,"wk inc flu hosp",2024-04-20,"US","quantile",0.9,5635.10074452406
2024-04-20,1,"wk inc flu hosp",2024-04-27,"US","quantile",0.9,5822.90876297336
2024-04-20,2,"wk inc flu hosp",2024-05-04,"US","quantile",0.9,5903.62992775072
2024-04-20,3,"wk inc flu hosp",2024-05-11,"US","quantile",0.9,5931.94901737765
2024-04-20,-1,"wk inc flu hosp",2024-04-13,"US","quantile",0.95,7172.65333544251
2024-04-20,0,"wk inc flu hosp",2024-04-20,"US","quantile",0.95,7019.93002553295
2024-04-20,1,"wk inc flu hosp",2024-04-27,"US","quantile",0.95,7817.20406834905
2024-04-20,2,"wk inc flu hosp",2024-05-04,"US","quantile",0.95,8306.12763611382
2024-04-20,3,"wk inc flu hosp",2024-05-11,"US","quantile",0.95,8535.81068190046
2024-04-20,-1,"wk inc flu hosp",2024-04-13,"US","quantile",0.975,8614.20896562355
2024-04-20,0,"wk inc flu hosp",2024-04-20,"US","quantile",0.975,8421.44002600895
2024-04-20,1,"wk inc flu hosp",2024-04-27,"US","quantile",0.975,10194.3730262658
2024-04-20,2,"wk inc flu hosp",2024-05-04,"US","quantile",0.975,11157.6113561058
2024-04-20,3,"wk inc flu hosp",2024-05-11,"US","quantile",0.975,11751.1619384262
2024-04-20,-1,"wk inc flu hosp",2024-04-13,"US","quantile",0.99,10799.1086971262
2024-04-20,0,"wk inc flu hosp",2024-04-20,"US","quantile",0.99,10387.0157302884
2024-04-20,1,"wk inc flu hosp",2024-04-27,"US","quantile",0.99,13783.5587857045
2024-04-20,2,"wk inc flu hosp",2024-05-04,"US","quantile",0.99,15909.1280301195
2024-04-20,3,"wk inc flu hosp",2024-05-11,"US","quantile",0.99,17035.4453130624
